79001001 1 25 24 02 1019.1 002.1       08 03                                   8
79001002 1 29 25 02 1022.8 000.8       08 01                                   8
79001003 1 30 15 02 1024.3 001.1       09 02                                   8
79001004 1 29 13 02 1025.4 002.2       07 03                                   8
79001005 1 27 15 02 1025.4 006.1       05 03                                   8
79001006 1 27 23 02 1025.1 002.3       05 03                                   8
79001007 2 29 15 02 1025.4 006.4       05 01                                   8
79001008 3 32 09 02 1024.6 002.2       05 01                                   8
79001009 3 14 06 02 1022.4 002.6       00 00                                   8
79001010 3 11 09 02 1021.8 002.7       00 00                                   8
79001011 3 08 19 02 1019.1 004.2       07 02                                   8
79001012 4 09 29 02 1010.6 005.7       06 04                                   8
79001013 9 19 20 44 0996.1 010.8       10 08                                   8
79001015 9 00 40 44 0994.8 003.4       09 10                                   8
79001016 9 33 40 02 0999.0 003.9       05 03                                   8
79001017 5 32 29 03 1000.6 004.2       06 02                                   8
79001018 5 32 28 03 1000.9 003.9       06 03                                   8
79001019 5 31 21 03 1001.1 003.8       06 03                                   8
79001020 5 30 23 03 1001.1 003.8       09 03                                   8
79001021 4 19 12 02 0999.9 003.4       05 01                                   8
79001022 8 19 15 02 0998.9 003.7       05 01                                   8
79001023 9 14 18 02 0996.9 005.5       05 01                                   8
79001024 9 23 13 02 0994.2 007.0       05 01                                   8
79001025 9 24 20 02 0099.6 007.0       09 04                                   8
79001026 5 25 19 02 0998.9 005.9       09 04                                   8
79001027 9 25 24 02 1000.9 004.9       08 04                                   8
79001028 8 26 26 02 1003.7 006.5       11 09 26                                8
79001029 5 29 21 02 1009.5 006.2       11 03                                   8
79001030 5 26 09 02 1011.1 005.6       10 03                                   8
79001031 9 14 12 02 1010.3 004.6       10 03                                   8
79001032                                                                       8
79001033 9 13 18 02 1007.9 009.3       11 04                                   8
79001034 9 19 24 02 1002.6 014.7       09 02                                   8
79001035 9 23 19 02 1005.0 016.3       08 06                                   8
79001036 6 28 14 02 1009.6 011.1       09 02                                   8
79001037 3 28 30 02 1010.8 011.6       11 03                                   8
79001038 3 27 27 02 1010.3 011.3       11 03                                   8
79001039 3 26 29 02 1011.0 010.6       11 04                                   8
79001040 3 28 23 02 1011.1 010.0       11 04                                   8
79001041 3 28 24 02 1011.0 008.8       12 06                                   8
79001042 3 27 30 02 1010.2 009.0       12 05                                   8
79001043 9 27 24 02 1009.7 006.9       12 05                                   8
79001044 9 27 33 02 1009.3 007.0       10 08                                   8
79001045 8 25 27 02 1008.3 007.0       08 05                                   8
79001046 8 24 30 02 1005.6 007.0       10 05                                   8
79001047 9 23 22 02 1003.5 006.9       10 05                                   8
79001048 8 23 19 02 1000.1 007.2       10 06                                   8
79001049 8 18 06 02 0996.0 005.8       10 02                                   8
79001050 8 28 24 02 0995.9 004.6       10 02                                   8
79001051 9 29 26 02 0997.3 000.4       08 03                                   8
79001052 8 28 21 02 0999.3 004.0       09 05                                   8
79001053 8 27 17 02 1000.4 004.4       10 05                                   8
79001054 8 27 12 02 1002.6 004.0       10 06                                   8
79001055 8 11 05 02 1003.5 003.0       09 04                                   8
79001056 8 13 15 02 1002.5 004.0       07 02                                   8
79001057 8 12 29 20 0999.3 005.8       08 05                                   8
79001058 9 12 22 49 0982.5 007.4       08 06                                   8
79001059 9 13 26 49 0979.7 007.3       09 06                                   8
79001060 9 13 22 49 0977.1 006.2       10 06                                   8
79001061 9 09 15 49 0972.2 005.3       10 05                                   8
79001062 9 11 18 40 0968.8 004.7       10 05                                   8
79001063 9 12 16 40 0965.8 004.6       09 09                                   8
79001064 9 08 06 40 0965.2 004.0       09 04    08 07                          8
79001065 9 15 12 40 0962.0 003.2       10 05                                   8
79001066 9 13 18 40 0961.9 003.0       10 05                                   8
79001067 9 24 13 40 0964.1 002.5       09 00                                   8
79001068 9 25 15 40 0964.9 002.3       09 02                                   8
79001069 9 26 15 40 0965.2 002.0       09 04                                   8
79001070 9 27 18 40 0968.5 001.4       10 04                                   8
79001071 9 27 18 40 0970.5 001.4       05 03    00 00                          8
79001072 9 26 16 70 0975.7 001.6       10 05                                   8
79001073 9 26 20 02 0979.3 001.7       10 05                                   8
79001074 9 27 15 02 0987.5 000.4       05 00                                   8
79001075                                                                       8
79001076 9 23 19 02 0991.3 -00.5       00 00                                   8
79001077                                                                       8
79001078 7 25 14 02 0994.1 -00.6       00 00                                   8
79001079 7 25 11 02 0994.6 -00.8       00 00                                   8
79001080 7 33 09 02 0995.3 -00.9       00 00                                   8
79001081 7 31 09 02 0997.2 -01.0       00 00                                   8
79001082 7 30 18 02 0997.7 -01.0       00 00                                   8
79001083 7 31 05 02 0999.8 -01.3       00 00                                   8
79001084 7 30 13 02 1000.8 -01.5       00 00                                   8
79001085 7 31 15 02 1001.5 -01.5       00 00                                   8
79001086 7 32 17 02 1001.8 -01.6       00 00                                   8
79001087 7 32 12 02 1002.8 003.4       00 00                                   8
79001088 7 30 13 02 1003.1 -01.9       00 00                                   8
79001089 7 25 15 02 1004.2 -02.8       00 00                                   8
79001090 8 28 16 02 1006.6 -03.2       00 00                                   8
79001091 9 30 17 02 1008.9 -04.3       05 01                                   8
79001092 9 27 24 02 1010.1 -03.1       05 02                                   8
79001093 8 27 20 02 1009.8 -03.0       06 02                                   8
79001094 8 26 20 02 1010.9 -02.7       05 02                                   8
79001095 8 25 24 02 1011.8 -01.9       05 01                                   8
79001096 8 24 20 02 1012.2 -01.6       05 01                                   8
79001097 9 26 16 02 1012.0 -01.6       09 02                                   8
79001098 9 25 16 02 1013.2 -01.3       10 04                                   8
79001099 7 22 04 01 1013.0 -01.1       00 01                                   8
79001100 5 22 02 01 1011.7 -00.3       00 01                                   8
79001101 5 10 15 02 1007.4 000.9       01 01                                   8
79001102 5 09 22 02 1001.5 002.9       02 02                                   8
79001103 9 12 20 02 0992.8 005.9       08 03                                   8
79001104 9 19 32 20 0987.4 006.7       06 06                                   8
79001105 9 22 41 20 0988.9 006.0       10 06                                   8
79001106 9 25 35    0997.2 004.3       10 12                                   8
79001107 7 23 17 05 1004.5 003.2       12 10                                   8
79001108 9 11 28 02 0998.2 004.0       12 10                                   8
79001109 9 20 33 02 0994.4 006.5       11 10                                   8
79001110 9 21 25 02 0995.5 005.6       11 10                                   8
79001111 8 20 11 02 1000.9 004.5       11 06                                   8
79001112 9 13 05 46 0995.5 005.3       09 06                                   8
79001113 9 28 16 40 0998.2 001.9       10 10                                   8
79001114 8 28 15 42 1000.5 002.0       10 04                                   8
79001115 8 26 14 02 1005.0 003.2       08 03                                   8
79001116 8 22 25 02 1006.5 003.8       08 03                                   8
79001117 7 24 21 02 1015.0 003.5       10 10                                   8
79001118 8 18 17 02 1013.5 004.0       10 04                                   8
79001119 8 20 30 02 1003.6 007.0       10 04                                   8
79001120 9 29 19 02 1015.4 -01.8       09 04                                   8
79001121 8 24 05 02 1017.4 -02.2       10 05                                   8
79001122 5 22 16 01 1016.4 -01.8       08 02                                   8
79001123 5 27 18 02 1017.0 -01.1       08 02                                   8
79001124 6 25 26 02 1017.7 -01.6       10 02                                   8
79001125 8 27 10 02 1019.0 -02.7       08 01                                   8
79001126 8 29 22 02 1022.2 -02.9       08 02                                   8
79001127 8 22 12 02 1029.7 003.3       15 01                                   8
79001128                                                                       8
