KKYY 181119 1358 746552 54414 88881
20005 30702 40317 20009 30701 40317 20014 30701 40317 20017 30701 40317
20022 30701 40317 20026 30701 40317 20030 30070 40317 20034 30701 43171
20038 30701 43171 20043 30701 43171 20047 30070 43171 20052 30443 43212
20056 30266 43239 20060 30208 43246 20064 30095 43251 20068 30035 43252
20073 30018 43254 20077 30009 43257 20081 35012 43259 20085 35021 43262
20090 30504 43264 20094 35047 43265 20098 35052 43268 20103 35051 40327
20105 35063 43268 20107 35074 40327 20109 35066 43271 20111 35088 40327
20114 30509 43271 20116 30509 43271 20119 35089 43271 20123 35089 43272
20126 35075 43273 20131 35078 43274 20135 35084 43274 20140 35079 43275
20145 30507 43276 20150 35068 43276 20155 35068 43277 20160 35065 43277
20165 35074 43277 20170 35065 43278 20174 35074 43278 20179 35073 43279
20184 35066 43279 20189 35065 43279 20194 35067 40328 20199 35071 40328
20204 35083 43281 20209 35075 43282 20213 35074 43282 20218 35074 43282
.
KKYY 181119 1902 746462 55372 88881
20004 30618 43167 20006 30617 43167 20008 30060 43168 20011 30581 43171
20014 30566 43173 20017 30557 43175 20020 30553 43176 20023 30548 43176
20027 30544 43177 20030 30535 43177 20033 30525 43177 20036 30516 40318
20039 30502 43181 20042 30382 43203 20045 30028 43218 20048 30252 43223
20051 30208 43228 20055 30019 43231 20058 30166 43235 20061 30122 43242
20064 30114 43242 20067 30108 43243 20070 30103 43244 20073 30096 43244
20076 30094 43245 20079 30092 43245 20082 30092 43245 20086 30087 43244
.
KKYY 181119 1358 746552 54414 88881
20005 30702 40317 20009 30701 40317 20014 30701 40317 20017 30701 40317
20022 30701 40317 20026 30701 40317 20030 30070 40317 20034 30701 43171
20038 30701 43171 20043 30701 43171 20047 30070 43171 20052 30443 43212
20056 30266 43239 20060 30208 43246 20064 30095 43251 20068 30035 43252
20073 30018 43254 20077 30009 43257 20081 35012 43259 20085 35021 43262
20090 30504 43264 20094 35047 43265 20098 35052 43268 20103 35051 40327
20105 35063 43268 20107 35074 40327 20109 35066 43271 20111 35088 40327
20114 30509 43271 20116 30509 43271 20119 35089 43271 20123 35089 43272
20126 35075 43273 20131 35078 43274 20135 35084 43274 20140 35079 43275
20145 30507 43276 20150 35068 43276 20155 35068 43277 20160 35065 43277
20165 35074 43277 20170 35065 43278 20174 35074 43278 20179 35073 43279
20184 35066 43279 20189 35065 43279 20194 35067 40328 20199 35071 40328
20204 35083 43281 20209 35075 43282 20213 35074 43282 20218 35074 43282
.
KKYY 181119 1902 746462 55372 88881
20004 30618 43167 20006 30617 43167 20008 30060 43168 20011 30581 43171
20014 30566 43173 20017 30557 43175 20020 30553 43176 20023 30548 43176
20027 30544 43177 20030 30535 43177 20033 30525 43177 20036 30516 40318
20039 30502 43181 20042 30382 43203 20045 30028 43218 20048 30252 43223
20051 30208 43228 20055 30019 43231 20058 30166 43235 20061 30122 43242
20064 30114 43242 20067 30108 43243 20070 30103 43244 20073 30096 43244
20076 30094 43245 20079 30092 43245 20082 30092 43245 20086 30087 43244
.
