39197002 1 00 08 02 1015.0 000.0 -01.0    02 36 05 04                          8
39197003 2 07 05 02 1017.0 -01.0 -00.5 02 01 03 02 03                          8
39197004 3 07 04 02 1017.9 -01.9 -01.4 02 02 07 02 03                          8
39197005 2 07 06 98 1017.8 000.0 -01.2 06 01 35 06 01                          8
39197006 1 08 12 97 1018.3 -01.2 -00.5 02 01 01 06 01                          8
39197007 2 07 10 02 1020.0 000.0 000.0 04 02 04 04 02                          8
39197008 2 06 07 02 1020.0 000.0 000.0 05 02 00 05 02                          8
39197009 1 06 11 02 1019.1 007.0 000.0 04 02 01 04 02                          8
39197010 9 06 15 02 1017.8 000.6 000.0 02 00 36 06                             8
39197011                                                                       8
39197012 7 24 13 02 1018.0 001.0 000.0 05 02 00 05 02                          8
39197013 9 06 13 02 1011.3 000.6 000.0 01 05 02 06 03                          8
39197014 9 06 12 96 1006.5 001.0 -00.5 02 01 36 07 02                          8
39197015 9 06 16 95 1005.7 000.0 000.0 02 01 34 07 03                          8
39197016   22 13 45 1003.0 001.0 000.0 07 03 00 07 04                          8
39197017 9 06 12 45 1004.1 000.0 -00.6 02 01 01 05 02                          8
39197018 9 06 11 46 0998.5 000.2 -00.4 01 05 01 06 01                          8
39197019 9 07 20 96 0996.4 000.6 001.5 02 01 32 07 02                          8
39197020 9 07 24 94 0997.7 001.0 000.2 02 01 34 07 02                          8
39197021   32 22 45 0999.0 000.0 000.0 05 03 00 07 05                          8
39197022 9 08 22 50 1005.6 000.5 -00.1 02 01 01 06 05                          8
39197023 8 08 25 98 1007.6 001.7 000.2 02 01 34 07 02                          8
39197024 1 33 16 02 1011.0 002.0 002.0 04 02 33 04 03                          8
39197025   32 17 02 1013.0 004.0 003.0 05 02 00 05 03                          8
39197026                                                                       8
39197027 2 08 12 02 1014.6 002.7 002.0 02 01 01 08 02                          8
39197028                                                                       8
39197029   33 12 02 1016.0 003.0 002.0 08 02 00 05 03                          8
39197030   33 10 01 1016.0 003.0 002.0    02 00    03                          8
39197031 6 08 05 02 1016.5 003.5 003.0 01 01 01 06 02                          8
39197032 5 05 02 02 1013.8 002.0 002.6 01 05 01 07 04                          8
39197033 9 04 15 97 1011.1 004.6 005.0 02 01 32 07 02                          8
39197034 9 03 17 52 1005.4 006.2 005.5 01 01 04 07 04                          8
39197035 9 04 19 47 0998.8 006.7 006.0 01 02 01 06 05                          8
39197036 9 05 24 93 0994.8 008.1 009.0 03 01 19 06 03                          8
39197037 9 05 20 92 0992.4 006.5 006.0 03 01 18 06 03                          8
39197038   19 20 45 0990.0 006.0 008.0 18 02 00    03                          8
39197039   25 25 64 0998.0 005.0 004.0    02       03                          8
39197040 5 07 19 55 0987.7 003.4 002.5 02 02 08 07 05                          8
39197041 2 06 20 02 0986.7 002.0 001.5 01 05 07 06 02                          8
39197042 9 05 20 96 0984.9 001.9 000.9 02 01 18 06 03                          8
39197043 9 06 25 96 0983.1 000.9 -01.9 02 01 18 07 03                          8
39197044 9 24 27 53 0982.0 002.0 001.0 25 03 25    04                          8
39197045   23 27 03 0981.0 000.0 000.0    04 20    06                          8
39197046 9 08 25 46 0981.1 000.3 -00.5 01 02 08 05 07                          8
39197047 9 06 25 02 0980.8 000.3 -00.2 01 02 08 06 05                          8
39197048 9 01 23 96 0993.7 000.0 -01.0 02 01 23 06 03                          8
39197049 9 01 40 47 0989.1 000.5 -00.5 02 02 35 06 04                          8
39197050                                                                       8
