Filename	Comment	Instr	Instr	PrimOSens	SecOSens
39197002	 S27-01	1221	1221	3313	3539
39197004	 FC-01	1221	1221	3313	3539
39197005	 FC-02	1221	1221	3313	3539
39197006	 FC-03	1221	1221	3313	3539
39197007	 FC-04	1221	1221	3313	3539
39197008	 FC-05	1221	1221	3313	3539
39197009	 FC-06	1221	1221	3313	3539
39197010	 FC-07	1221	1221	3313	3539
39197011	 FC-08	1221	1221	3313	3539
39197012	 FC-09	1221	1221	3313	3539
39197013	 FC-10	1221	1221	3313	3539
39197014	 FC-11	1221	1221	3313	3539
39197015	 FC-12	1221	1221	3313	3539
39197016	 FC-13	1221	1221	3313	3539
39197017	 FC-14	1221	1221	3313	3539
39197018	 FC-15	1221	1221	3313	3539
39197019	 FC-16	1221	1221	3313	3539
39197020	 FC-17	1221	1221	3313	3539
39197021	 FC-18	1221	1221	3313	3539
39197022	 FC-19	1221	1221	3313	3539
39197023	 FC-20	1221	1221	3313	3539
39197024	 FC-21	1221	1221	3313	3539
39197025	 FC-22	1221	1221	3313	3539
39197026	 FC-23	1221	1221	3313	3539
39197027	 FC-24	1221	1221	3313	3539
39197028	 FC-26	1221	1221	3313	3539
39197029	 FC-28	1221	1221	3313	3539
39197030	 FC-29	1221	1221	3313	3539
39197031	 FC-31	1221	1221	3313	3539
39197032	 FC-33	1221	1221	3313	3539
39197033	 FC-35	1221	1221	3313	3539
39197050	 S27-01	1221	1221	3313	3539
