39200001 9 04 05 44 1028.5 004.7 004.7 00 00 09 01 01                          8
39200002 9 33 03 44 1027.0 005.0 004.5 00 00 00 00 00                          8
39200003 0 02 06 00 1027.0 005.0 004.5 00 00 00 00 00                          8
39200004 0 33 03 44 1028.4 004.5 003.8 01 01 04 02 01     1                    8
39200005 4 02 05 02 1028.6 006.6 005.8 01 01 02 01 01                          8
39200006 4 03 10 41 1028.1 006.3 006.0 02 01 09 04 01                          8
39200007 9 04 10 02 1027.7 007.6 007.0 03 01 04 04 01                          8
39200008 0 05 03 02 1025.0 010.0 000.9    01 02    01                          8
39200009 9 02 10 45 1025.5 007.7 007.5 01 01 02 02 03                          8
39200010 9 03 10 45 1023.6 007.0 007.0 03 01 04 04 01                          8
39200011 2 10 10 45 1022.7 007.7 007.7 03 01 09 04 01                          8
39200012 8 14 08 45 1020.0 008.3 008.0 01 01 14 01 01                          8
39200013 8 13 12 45 1020.3 008.3 008.0 01 01 13 01 02                          8
39200014 9 15 10 45 1020.5 008.7 008.7 03 01 09 04 01                          8
39200015 9 13 14 45 1020.3 009.1 009.0 03 01 09 04 01                          8
39200016 9 13 13 45 1018.5 009.5 009.0 03 01 13 03 01                          8
39200017 9 13 15 45 1017.5 009.5 009.0 03 01 14 03 01                          8
39200018 8 12 15 45 1018.5 009.8 009.5 03 01 14 03 02                          8
39200019 9 13 12 45 1018.7 009.9 009.9 03 01 13 04 01                          8
39200020 9 13 16 45 1015.0 009.1 009.0 03 01 14 03 01                          8
39200021 8 14 13 46 1016.3 011.1 011.0 02 01 14 02 01                          8
39200022 8 11 13 43 1015.0 011.3 011.0 03 01 11 03 02                          8
39200023 8 12 12 44 1015.7 012.1 012.0 03 01 12 04 01                          8
39200024 9 09 10 93 1015.0 012.0 011.5 03 01 15 03 01                          8
39200025 9 09 14 44 1014.0 012.0 011.5 03 01 15 03 01                          8
39200026 8 09 17 42 1014.5 012.2 012.0 03 02 09 04 02                          8
39200027 8 09 19 42 1012.3 012.8 012.5 04 02 09 04 03                          8
39200028 8 09 20 42 1012.0 012.4 012.0 05 03 09 04 03                          8
39200029 9 10 20 45 1012.5 012.6 012.6 03 02 13 04 02                          8
39200030 9 10 20 45 1012.2 012.5 012.5 03 02 10 04 02                          8
39200031 9 11 20 45 1021.1 012.5 012.5 03 02 13 04 02                          8
39200032 9 11 20 45 1010.0 012.0 011.5 03 02 13 04 02                          8
39200033 9 12 17 43 1010.0 012.0 011.5 03 02 14 04 02                          8
39200034 8 12 18 43 1010.5 012.4 012.0 04 02 12 04 03                          8
39200035 9 13 14 43 1011.5 012.0 011.5 04 02 11 04 02                          8
39200036 7 13 10 02 1011.8 014.7 013.9 03 03 13 07 03                          8
39200037 8 13 10 02 1011.4 012.8 012.5 03 01 13 04 01                          8
39200038 9 13 10 45 1011.8 012.1 012.0       13 04 01                          8
39200039 9 13 08 45 1010.5 011.0 010.5 03 01 14 03 01                          8
39200040 8 09 07 43 1011.8 011.0 011.0 01 01 09 02 01                          8
39200041 9 10 07 45 1012.4 010.5 010.5 00 00 10 04 01                          8
39200042 8 01 05 44 1013.0 012.3 012.3 00 00 10 04 01                          8
39200043 8 36 02 41 1012.0 016.0 015.5 00 01 33 00 01                          8
39200044 8 25 04 43 1013.0 011.3 010.7 01 01 25 01 01                          8
39200045 8 25 03 45 1013.0 011.3 010.8 01 01 25 01 01                          8
39200046 9 19 05 63 1013.0 010.5 010.0 04 01 13 04 01                          8
39200047 9 11 18 63 1012.0 010.3 010.0 04 02 11 03 02                          8
39200048 9 12 20 63 1007.0 008.0 007.8 04 03 12 05 03                          8
39200049 9 18 18 45 1003.0 008.2 007.8 02 02 14 02 02                          8
39200050 8 15 17 45 1004.5 007.9 007.5 04 03 15 04 04                          8
39200051 9 14 18 45 1002.6 007.7 007.7 03 02 20 04 02                          8
39200052 9 14 17 45 1002.6 007.8 007.8 04 01 14 04 02                          8
39200053 9 13 15 45 1000.0 008.4 008.0 03 01 14 03 01                          8
39200054 8 18 09 45 1000.0 008.7 008.5 02 02 18 03 02                          8
39200055 9 27 08 43 1001.0             03 02 27 03 02                          8
39200056 8 00 00 02 1002.5 009.4 009.0 00 00 13 04 02                          8
39200057 8 00 00 02 1002.8 010.4 010.0 00 00 15 04 01                          8
39200058 9 13 05 45 1002.0 009.6 009.0 00 01 14 00 01                          8
39200059 8 03 06 43 1002.5 009.8 009.2 03 01 03 03 01                          8
39200060 8 07 10 43 1002.6             00 00 00 03 02                          8
39200061 7 31 12 02 1004.0 009.4 008.3 00 00 00 01 01                          8
39200062 8 34 15 02 1010.6 008.9 009.0 03 01 00 00 00                          8
39200063 8 30 10 02 1011.0 008.1 007.5 03 02 30 04 03                          8
39200064 8 34 14 51 1012.2 007.2 007.0 03 01 34 04 02                          8
39200065 9 35 14 61 1013.2 007.2 007.2 03 01 35 04 02                          8
39200066 8 34 15 61 1012.0 007.2 006.8 03 02 34 03 02                          8
39200067 9 34 13 61 1013.0             02 02 34 03 03                          8
39200068 8 36 14 61 1014.7 006.0 006.0 03 01 01 04 02                          8
39200069 7 35 20 01 1013.5 005.6 005.6 04 02 35 04 02                          8
39200070 8 36 14 41 1014.0 006.1 005.8 03 01 01 03 02                          8
39200071 7 03 09 02 1016.0 006.1 005.3 02 02 03 03 02                          8
39200072 4 06 07 41 1012.1 005.6 005.6 03 01 35 04 02                          8
39200073 5 09 05 41 1013.7 004.3 004.0 00 00 01 04 02                          8
39200074 9 16 10 45 1010.0 004.9 004.5 04 01 17 04 01                          8
39200075 9 14 14 44 1008.0 005.7 005.5 02 01 14 03 02                          8
39200076 8 13 20 44 1006.1 005.3 005.3 03 02 14 04 02                          8
39200077 9 13 20 45 1002.0 005.8 005.8 04 02 13 04 02                          8
39200078 8 11 22 42 1001.0 006.8 006.5 08 03 12 08 03                          8
39200079 8 11 22 02 0997.0 006.5 006.0 04 03 13 05 04                          8
39200080 8 12 15 80 0992.8 006.5 006.0 04 02 12 04 03                          8
39200081 8 20 07 61 0985.0 005.2 004.8 03 03 21 03 04                          8
39200082 9 27 15 62 0988.0 004.9 004.6 03 02 27 04 03                          8
39200083 9 27 20 63 0996.5 004.5 004.0 03 03 27 04 03     6                    8
39200084 9 27 25 63 0988.5 004.5 004.0 04 03 27 05 04                          8
39200085 8 29 25 41 0989.4 004.7 004.7 03 03 24 04 03     6                    8
39200086 8 27 23 50 0989.5 005.4 005.0 03 03 25 04 03     4                    8
39200087 8 26 13 50 0989.5 005.9 005.6 04 02 27 04 02     4                    8
39200088 8 28 11 63 0991.0 006.2 006.0 02 02 28 03 02     9                    8
39200089 9 28 11 63 0991.0 005.4 000.5 02 02 28 03 02     9                    8
39200090 9 24 12 44 0991.5 005.4 005.4 03 10 23 04 02                          8
39200091 7 26 10 02 0991.2 005.3 005.0 03 01 25 04 02     9                    8
39200092 8 27 06 02 0990.0 005.8 005.5 02 02 28 02 02                          8
39200093 8 27 10 02 0990.0 005.9 005.5 04 01 28 04 01                          8
39200094 8 23 10 44 0991.2 006.0 005.8 02 02 23 03 02     3                    8
39200095 9 25 10 43 0991.0 007.4 007.0 02 02 27 04 03     9                    8
39200096 8 27 08 44 0992.8 007.5 007.5 00 00 12 04 02     3                    8
39200097 7 35 08 01 0993.6 008.0 007.6 03 01 02 04 02     5                    8
39200098 8 36 08 02 0992.5 005.9 005.4 04 02 34 03 02     9                    8
39200099 7 08 05 02 0993.0 008.1 007.8 03 01 08 03 01     9                    8
39200100 7 09 06 50 0994.0 008.4 008.0 03 01 11 04 02     9                    8
39200101 8 18 10 02 0995.5 007.8 007.3 02 02 20 03 03     2                    8
39200102 8 21 08 02 0996.0 008.6 008.0 02 02 27 03 02                          8
39200103 8 14 07 80 0997.7 006.6 006.2 00 00 04 05 05                          8
39200104 9 14 04 60 0998.5 006.9 006.9 00 00 04 05 04                          8
39200105 8 09 01 61 0997.0 006.7 006.4 04 01 05 03 02                          8
39200106 8 11 08 50 0997.5 005.1 004.8 04 01 05 03 02                          8
39200107 8 09 10 53 0999.5 005.7 005.5 03 02 09 04 03                          8
39200108 8 10 15 60 1000.3 006.4 006.4 03 01 05 04 03                          8
39200109 8 12 19 02 1001.0 006.4 006.4 03 01 05 04 03                          8
39200110 7 09 10 02 1001.5 008.1 007.8 03 01 11 03 02                          8
39200111 8 09 22 46 1004.5 007.9 007.5 03 03 09 04 03                          8
39200112 8 06 20 03 1004.0 007.2 006.8 02 02 05 02 03                          8
39200113 8 08 17 02 1005.0 008.0 007.5 02 02 08 03 02                          8
39200114 9 06 13 46 1006.3 007.2 007.0 01 01 06 03 02                          8
39200115 9 03 13 46 1007.5 006.9 006.5 01 01 09 03 02                          8
39200116 9 04 14 45 1005.0 007.1 006.8 02 01 03 02 02                          8
39200117 9 03 11 45 1006.0 007.2 006.7 02 01 03 03 02                          8
39200118 9 02 06 45 1007.0 006.7 006.5 02 01 02 03 02                          8
39200119 9 01 07 45 1008.4 007.0 007.0 02 01 01 04 01                          8
39200120 9 32 08 45 1006.0 007.2 006.8 04 01 32 04 02                          8
39200121 7 34 10 02 1008.3 007.5 007.0 01 01 00 02 01                          8
39200122 8 31 09 02 1008.5 007.8 007.5 01 01 02 02 01                          8
39200123 8 34 08 60 1010.7 008.5 008.5 04 01 01 04 01                          8
39200124 8 31 18 97 1009.5 009.1 008.7 04 01 30 03 02                          8
39200125 9 33 14 02 1011.0 010.0 009.5 02 02 33 03 03                          8
39200126 9 35 16 60 1012.9 000.9 000.9 03 01 01 03 01                          8
39200127 8 34 18 58 1013.0 008.7 008.4 03 02 32 02 03                          8
39200128 8 34 18 58 1012.5 008.5 008.0 03 02 32 04 03                          8
39200129 7 33 24 58 1012.5             03 02 33 05 03                          8
39200130 8 33 20 58 1013.3 008.5 008.0 03 02 33 04 03                          8
39200131 8 32 15 41 1014.8 008.3 008.0 04 02 32 04 02                          8
39200132 8 32 15 41 1015.2 008.4 008.0 03 02 32 04 02                          8
39200133 8 32 15 02 1015.8 008.3 008.0 03 01 32 04 02                          8
39200134 8 31 15 02 1014.5 008.2 007.8 03 01 30 04 02                          8
39200135 8 34 15 02 1015.0 008.6 008.2 03 01 32 03 02                          8
39200136 8 32 16 02 1015.0 008.7 007.8 03 02 32 03 03                          8
39200137 8 32 15 02 1018.0 008.7 007.9 02 02 32 03 02                          8
39200138 1 32 06 45 1017.0 007.5 007.3 04 02 31 06 03                          8
39200139 8 27 04 45 1020.2 006.2 006.2 00 00 32 04 01                          8
39200140 9 18 05 45 1019.0 008.6 008.2 04 01 18 04 01                          8
39200141 0 23 08 01 1019.0 009.8 009.5 04 01 23 03 01                          8
39200142   00 02 02 1018.5 010.0 009.5 00 00 00 01 01                          8
