Filename	Comment	Instr	Instr	PrimOSens	SecOSens
39200001	 S27-01	1221	1221	3313	3539
39200003	 FC-01	1221	1221	3313	3539
39200004	 FC-02	1221	1221	3313	3539
39200005	 FC-03	1221	1221	3313	3539
39200006	 FC-04	1221	1221	3313	3539
39200007	 FC-05	1221	1221	3313	3539
39200008	 FC-06	1221	1221	3313	3539
39200009	 FC-07	1221	1221	3313	3539
39200010	 FC-08	1221	1221	3313	3539
39200011	 FC-09	1221	1221	3313	3539
39200012	 FC-10	1221	1221	3313	3539
39200013	 FC-11	1221	1221	3313	3539
39200014	 FC-12	1221	1221	3313	3539
39200015	 FC-13	1221	1221	3313	3539
39200016	 FC-14	1221	1221	3313	3539
39200017	 FC-15	1221	1221	3313	3539
39200018	 FC-16	1221	1221	3313	3539
39200019	 FC-17	1221	1221	3313	3539
39200020	 FC-18	1221	1221	3313	3539
39200021	 FC-19	1221	1221	3313	3539
39200022	 FC-20	1221	1221	3313	3539
39200023	 FC-21	1221	1221	3313	3539
39200024	 FC-22	1221	1221	3313	3539
39200025	 FC-23	1221	1221	3313	3539
39200026	 FC-24	1221	1221	3313	3539
39200027	 FC-25	1221	1221	3313	3539
39200028	 FC-26	1221	1221	3313	3539
39200029	 FC-27	1221	1221	3313	3539
39200030	 FC-28	1221	1221	3313	3539
39200031	 FC-29	1221	1221	3313	3539
39200032	 FC-30	1221	1221	3313	3539
39200033	 FC-31	1221	1221	3313	3539
39200034	 FC-33	1221	1221	3313	3539
39200035	 FC-35	1221	1221	3313	3539
39200045	 BB-14	1221	1221	3313	3539
39200046	 BB-13	1221	1221	3313	3539
39200047	 BB-12	1221	1221	3313	3539
39200048	 BB-11	1221	1221	3313	3539
39200049	 BB-10	1221	1221	3313	3539
39200050	 BB-09	1221	1221	3313	3539
39200051	 BB-08	1221	1221	3313	3539
39200052	 BB-07	1221	1221	3313	3539
39200053	 BB-06	1221	1221	3313	3539
39200054	 BB-05	1221	1221	3313	3539
39200055	 BB-04	1221	1221	3313	3539
39200056	 BB-03	1221	1221	3313	3539
39200057	 BB-02	1221	1221	3313	3539
39200058	 BB-01	1221	1221	3313	3539
39200078	 MB-12	1221	1221	3313	3539
39200079	 MB-11	1221	1221	3313	3539
39200080	 MB-10	1221	1221	3313	3539
39200081	 MB-09	1221	1221	3313	3539
39200082	 MB-08	1221	1221	3313	3539
39200083	 MB-07	1221	1221	3313	3539
39200084	 MB-06	1221	1221	3313	3539
39200085	 MB-05	1221	1221	3313	3539
39200086	 MB-04	1221	1221	3313	3539
39200087	 MB-03	1221	1221	3313	3539
39200088	 MB-02	1221	1221	3313	3539
39200089	 MB-01	1221	1221	3313	3539
39200098	 SI-01	1221	1221	3313	3539
39200099	 SI-02	1221	1221	3313	3539
39200100	 SI-03	1221	1221	3313	3539
39200101	 SI-04	1221	1221	3313	3539
39200102	 SI-05	1221	1221	3313	3539
39200103	 SI-06	1221	1221	3313	3539
39200104	 SI-07	1221	1221	3313	3539
39200105	 SI-08	1221	1221	3313	3539
39200106	 SI-09	1221	1221	3313	3539
39200107	 SI-10	1221	1221	3313	3539
39200108	 SI-11	1221	1221	3313	3539
39200109	 SI-12	1221	1221	3313	3539
39200110	 SI-13	1221	1221	3313	3539
39200111	 SI-14	1221	1221	3313	3539
39200126	 S27-01	1221	1221	3313	3539
39200127	 S27-02	1221	1221	3313	3539
39200128	 S27-03	1221	1221	3313	3539
39200129	 S27-04	1221	1221	3313	3539
39200130	 S27-05	1221	1221	3313	3539
39200131	 S27-06	1221	1221	3313	3539
39200132	 S27-07	1221	1221	3313	3539
39200133	 S27-08	1221	1221	3313	3539
39200134	 S27-09	1221	1221	3313	3539
39200135	 S27-10	1221	1221	3313	3539
39200136	 S27-11	1221	1221	3313	3539
39200142	 S27-01	1221	1221	3313	3539
