KKYY 04071 1847/ 750176 048471 88881 83099
20001 30796 43390 20005 30798 43389 20012 30791 43390 20020 30773 43392 
20021 30732 43399 20023 30686 43402 20025 30579 43408 20026 30547 43412 
20033 30484 43418 20036 30452 43421 20041 30421 43427 20047 30370 43436 
20055 30354 43441 20096 30344 43467 20128 30359 43473 20166 30373 43478 
20334 30357 43480 20471 30361 43483 20878 30353 43487 21202 30339 43487 
55555 12417 
CGCB TELEOST
KKYY 04071 2342/ 750000 049000 88881 83099
20001 30818 43374 20005 30823 43374 20009 30822 43375 20010 30812 43374 
20022 30802 43374 20026 30802 43376 20028 30706 43385 20029 30685 43388 
20030 30657 43394 20031 30611 43406 20032 30591 43407 20033 30582 43408 
20035 30556 43410 20038 30558 43413 20043 30527 43414 20048 30493 43423 
20050 30480 43427 20052 30458 43430 20053 30455 43429 20054 30405 43436 
20058 30391 43439 20065 30371 43443 20094 30349 43463 20220 30363 43479 
20289 30361 43481 20485 30360 43483 20702 30362 43487 21203 30338 43487 
55555 11816 
CGCB TELEOST
KKYY 05071 0515/ 749850 049500 88881 83099
20001 30759 43348 20015 30759 43354 20016 30751 43358 20022 30761 43361 
20026 30778 43369 20027 30722 43360 20028 30615 43366 20029 30532 43374 
20030 30513 43375 20031 30503 43381 20033 30487 43390 20036 30470 43395 
20037 30437 43402 20043 30419 43405 20044 30403 43408 20046 30382 43414 
20049 30378 43420 20053 30358 43422 20054 30357 43423 20056 30332 43424 
20062 30317 43431 20068 30317 43438 20069 30342 43445 20078 30336 43450 
20085 30334 43454 20094 30329 43457 20134 30353 43470 20417 30356 43481 
20486 30363 43483 20540 30365 43484 20956 30352 43487 21202 30341 43487 
55555 11334 
CGCB TELEOST
KKYY 05071 1239/ 749683 050016 88881 83099
20001 30642 43276 20015 30624 43275 20016 30620 43274 20017 30525 43267 
20018 30271 43280 20023 30208 43302 20025 30179 43307 20027 30126 43316 
20030 30082 43327 20033 30066 43335 20035 30074 43341 20036 30137 43355 
20055 30157 43381 20063 30131 43391 20065 30142 43394 20077 30176 43407 
20103 30250 43432 20128 30310 43451 20206 30363 43469 20222 30352 43470 
20599 30361 43481 55555 10603 
CGCB TELEOST
