JJVV 10071 0922/ 755461 054058 88888 01106
00071 04071 08071 17069 19068 23063 25057 30051 37048 44045 52042 67040 
83039 99901 20038 29038 70038 99902 13038 26038 99903 55038 99904 33039 
99905 11038 34037 50036 75035 99906 04035 99907 75037 99912 83034 99916 
41033 99917 19033 99919 18031 99920 28029 94028 99921 02029 36029 66029 
66666 12613 
CGCB TELEOST
JJVV 10071 1230/ 755652 054885 88888 01106
00072 02071 06071 12068 30067 31065 32062 33054 34050 36044 38041 44040 
48042 64042 78043 99901 09042 76040 99902 46038 99904 33038 99907 39038 
40040 43039 52040 56041 66041 68040 74040 99908 09038 99910 80037 84037 
99911 55036 99914 83035 99917 00034 99918 47033 48035 56033 63033 66035 
99919 42033 43036 58034 99920 15033 17033 18038 20039 24036 44033 99921 
45032 66032 66666 12580 
CGCB TELEOST
JJVV 10071 1535/ 755869 055682 88888 01106
00078 04076 07076 08077 12076 15074 25073 29070 32066 33061 34053 35051 
38045 40043 48040 70038 92039 99901 43039 99902 15039 86037 99903 22037 
99904 75037 99905 18037 21036 29036 31035 71034 96035 99906 14033 40034 
71034 99907 11034 48034 76033 99908 90034 99912 46033 99916 58033 99920 
99030 99921 66030 66666 12638 
CGCB TELEOST
KKYY 10071 1858/ 756078 056510 88881 83099
20001 30803 43454 20002 30800 43454 20003 30782 43455 20011 30757 43454 
20040 30700 43456 20043 30685 43454 20044 30644 43457 20045 30573 43458 
20050 30528 43459 20053 30506 43457 20055 30473 43461 20090 30406 43467 
20124 30378 43469 20143 30372 43472 20180 30370 43476 20226 30355 43478 
20234 30368 43483 20373 30373 43485 20502 30367 43487 21201 30340 43487 
55555 12381 
CGCB TELEOST
KKYY 10071 2223/ 755978 056741 88881 83099
20001 30759 43454 20004 30763 43454 20006 30767 43455 20007 30777 43455 
20009 30779 43454 20011 30783 43453 20012 30769 43454 20016 30721 43455 
20036 30698 43455 20037 30692 43454 20038 30667 43456 20039 30650 43454 
20040 30559 43458 20041 30509 43459 20042 30474 43461 20043 30457 43462 
20046 30445 43465 20051 30426 43466 20053 30421 43469 20064 30409 43470 
20090 30391 43472 20169 30380 43476 20252 30376 43480 20288 30375 43481 
20440 30378 43484 20485 30382 43486 20556 30373 43485 20569 30370 43485 
20586 30360 43483 20628 30351 43483 20660 30358 43484 20717 30364 43486 
20757 30370 43488 20802 30361 43487 20973 30355 43488 21200 30342 43487 
55555 12239 
CGCB TELEOST
KKYY 11071 0211/ 755871 056983 88881 83099
20000 30602 43384 20014 30590 43387 20016 30576 43396 20020 30561 43398 
20021 30521 43392 20022 30467 43394 20024 30411 43386 20025 30370 43388 
20027 30317 43384 20028 30291 43380 20029 30220 43384 20031 30179 43383 
20036 30164 43386 20040 30174 43390 20047 30175 43399 20054 30211 43408 
20056 30251 43415 20067 30326 43434 20071 30335 43435 20078 30322 43440 
20094 30363 43452 20107 30382 43459 20117 30401 43465 20156 30452 43477 
20170 30439 43476 20239 30434 43482 20328 30404 43481 20360 30407 43482 
20478 30398 43483 20730 30391 43486 21062 30370 43488 21223 30361 43488 
55555 11795 
CGCB TELEOST
KKYY 11071 0619/ 755770 057221 88881 83099
20002 30409 43247 20013 30382 43252 20016 30299 43260 20021 30124 43251 
20022 30058 43261 20027 30062 43275 20030 30074 43284 20035 30056 43290 
20037 30116 43298 20042 30127 43313 20052 30095 43330 20053 30154 43338 
20055 30230 43347 20057 30207 43345 20060 30086 43340 20063 30109 43346 
20067 30106 43345 20069 30049 43345 20074 30072 43353 20076 30096 43355 
20077 30110 43364 20079 30139 43366 20085 30169 43376 20105 30155 43384 
20116 30197 43396 20119 30184 43397 20135 30192 43405 20214 30201 43413 
20247 30323 43447 20283 30339 43457 20308 30416 43474 20400 30420 43482 
55555 10385 
CGCB TELEOST
KKYY 11071 0813/ 755746 057278 88881 83099
20001 30408 43204 20014 30393 43204 20017 30271 43206 20019 30204 43219 
20020 30157 43223 20021 30121 43225 20022 30071 43231 20024 35019 43237 
20028 35048 43246 20050 35056 43282 20057 35046 43293 20063 35025 43302 
20064 35020 43305 20066 35015 43307 20068 35007 43311 20069 35026 43315 
20077 35002 43325 20089 30048 43342 20091 30075 43346 20097 30058 43349 
20101 30080 43359 20102 30127 43364 20105 30173 43372 20107 30148 43373 
20118 30161 43379 20123 30179 43386 20134 30153 43391 20142 30204 43403 
20151 30192 43403 20172 30173 43404 20241 30182 43407 55555 10245 
CGCB TELEOST
KKYY 11071 1007/ 755678 057439 88881 83099
20001 30526 43211 20012 30518 43211 20013 30489 43212 20014 30401 43217 
20016 30366 43217 20018 30354 43215 20020 30315 43217 20021 30224 43225 
20022 30216 43228 20024 30160 43234 20025 30104 43239 20027 30094 43246 
20028 30036 43244 20029 35001 43245 20030 30000 43246 20031 35021 43246 
20033 35034 43250 20034 35042 43250 20036 35062 43253 20038 35053 43256 
20045 35058 43265 20074 35039 43289 20094 35025 43306 20132 35009 43323 
20144 35003 43330 20146 30011 43340 20147 30025 43345 20199 30032 43346 
55555 10201 
CGCB TELEOST
