JJVV 03071 1347/ 747348 043582 88888 04206
00094 08093 16092 20090 24085 27080 29075 30072 31070 35067 37066 39064 
42062 44058 45056 46054 48048 50047 56045 58042 66041 69038 72041 75039 
76038 83038 87035 88034 99901 17033 99902 89035 99903 95036 99904 56036 
99906 85035 99908 99034 99909 07035 15036 30035 66666 11067 
CGCB TELEOST
JJVV 03071 1702/ 747717 044194 88888 03206
00095 09091 17092 18092 22088 25085 27079 37070 39068 50065 59055 72044 
86039 99901 07040 48042 59040 81041 99902 32041 99904 33036 66666 10434 
CGCB TELEOST
JJVV 03071 1958/ 748021 044737 88888 03206
00096 08094 10090 24087 27083 33079 36069 42063 48058 54051 58048 63046 
68042 70043 77038 78043 79043 82040 83047 90049 99901 03046 09046 15045 
20046 38048 99902 38045 92042 99903 64040 66666 10365 
CGCB TELEOST
JJVV 03071 2259/ 748318 045276 88888 04206
00091 04089 10089 16087 23080 26075 27074 28070 32065 37059 42058 45056 
48055 56051 62049 65048 68045 69042 84036 92036 99901 12036 21037 24039 
32037 36035 40034 44038 53038 63038 75038 99903 36037 99905 80035 66666 
10581 
CGCB TELEOST
JJVV 04071 0200/ 748625 045802 88888 01106
00081 03079 08080 12078 14069 15060 18053 19051 21046 24042 28041 30040 
32041 34036 36032 38029 41025 43026 45024 49020 54020 56022 76026 85027 
93030 99901 12032 34033 37033 99903 06036 99904 13037 56039 99905 50039 
99908 25037 99909 68037 99911 33035 66666 11134 
CGCB TELEOST
JJVV 04071 0451/ 748862 046148 88888 01106
00089 21088 23078 30068 36064 38061 40054 42055 46057 47056 50054 53053 
57052 60048 63046 66041 83035 96036 99901 10033 99902 50036 99903 12037 
99904 13037 86038 99907 21037 66666 10878 
CGCB TELEOST
JJVV 04071 0941/ 749247 046746 88888 01106
00096 36094 38090 40082 44078 58071 64064 67055 69051 70046 77038 91036 
96040 99901 07038 16039 31040 43040 72040 78042 99902 04041 32039 61038 
99903 38037 99913 76034 99917 05034 87034 90037 99918 05035 92034 94037 
99919 11034 75035 99920 21036 66666 12844 
CGCB TELEOST
JJVV 04071 1243/ 749546 047328 88888 01106
00104 30099 34096 36094 43085 51080 53077 58073 65065 72061 78059 82057 
99901 02051 27050 72044 84043 99902 11041 43039 58039 66037 99903 18037 
36038 78038 99904 28037 82039 99906 08038 99907 12037 14039 16043 23044 
24043 25051 27054 37052 49047 99908 08040 99912 27036 99918 44035 99919 
92034 66666 12664 
CGCB TELEOST
JJVV 04071 1533/ 749846 047880 88888 01106
00102 26098 33095 36091 40088 43079 60073 64068 68064 73055 77052 79047 
89044 99901 08043 19042 31044 45042 62040 99902 54040 99903 04040 82039 
99904 07039 72038 99913 53034 99918 56032 66666 12556 
CGCB TELEOST
