KKYY 08071 1215/ 753233 055650 88881 83099
20000 30490 42937 20015 30493 42951 20017 30490 42971 20018 30471 42976 
20019 30455 42983 20020 30430 42992 20021 30414 42999 20023 30406 43002 
20024 30330 43040 20025 30296 43057 20027 30287 43064 20028 30212 43096 
20029 30156 43125 20031 30131 43142 20032 30104 43148 20036 30078 43163 
20037 30066 43168 20047 30051 43172 20071 30043 43175 20076 30009 43191 
55555 10069 
CGCB TELEOST
KKYY 08071 1454/ 753333 055500 88881 83099
20002 30535 43087 20013 30521 43091 20015 30509 43095 20017 30457 43107 
20020 30412 43117 20021 30359 43127 20025 30345 43130 20026 30340 43127 
20027 30258 43148 20028 30175 43143 20032 30082 43172 20034 30063 43176 
20040 30032 43187 20070 35031 43206 20091 35070 43223 20104 35065 43227 
20137 35082 43249 55555 10139 
CGCB TELEOST
KKYY 08071 1723/ 753410 055356 88881 83099
20001 30600 43111 20018 30582 43123 20020 30518 43148 20022 30464 43160 
20023 30303 43171 20025 30231 43184 20026 30249 43202 20027 30183 43225 
20028 30156 43232 20029 30128 43230 20031 30036 43235 20033 30016 43239 
20034 30058 43231 20036 35006 43241 20039 35037 43250 20045 35038 43257 
20046 35022 43256 20052 35060 43264 20059 35078 43267 20099 35057 43283 
20161 35045 43300 55555 10176 
CGCB TELEOST
KKYY 08071 1905/ 753449 055299 88881 83099
20001 30643 43078 20011 30633 43081 20012 30480 43164 20016 30435 43173 
20019 30429 43172 20020 30326 43192 20021 30276 43196 20022 30204 43213 
20023 30188 43210 20024 30108 43220 20026 30098 43227 20028 30030 43233 
20029 30021 43238 20030 30022 43241 20032 30008 43248 20033 35006 43247 
20037 35037 43257 20043 35043 43263 20044 35066 43267 20047 35059 43271 
20049 35051 43271 20090 35057 43284 20104 35055 43289 20131 35050 43299 
20139 35042 43306 20187 35028 43314 55555 10194 
CGCB TELEOST
KKYY 08071 2108/ 753533 055144 88881 83099
20001 30577 43172 20021 30565 43173 20022 30513 43175 20023 30471 43177 
20024 30407 43175 20025 30194 43212 20026 30153 43214 20029 30101 43226 
20032 30031 43230 20034 35001 43236 20039 35002 43242 20040 35033 43246 
20041 35015 43247 20043 35070 43249 20046 35054 43248 20047 35068 43257 
20053 35042 43260 20058 35051 43271 20065 35063 43272 20070 35103 43275 
20083 35092 43290 20112 35063 43311 20119 35046 43321 20126 35009 43335 
20153 30057 43365 20195 30117 43387 20199 30117 43387 55555 10204 
CGCB TELEOST
KKYY 08071 2318/ 753616 055000 88881 83099
20001 30420 43205 20021 30411 43206 20022 30398 43202 20024 30292 43205 
20025 30212 43210 20026 30026 43231 20027 35010 43234 20031 35037 43239 
20036 35029 43248 20037 35011 43248 20039 35052 43249 20040 35077 43245 
20041 35112 43248 20056 35101 43261 20058 35076 43263 20061 35074 43268 
20069 35073 43278 20070 35058 43277 20072 35053 43277 20073 35072 43280 
20074 35043 43281 20077 35045 43288 20082 35026 43297 20099 35052 43312 
20121 35016 43339 20123 35018 43342 20127 30024 43348 20128 30007 43346 
20130 30024 43351 20142 30046 43362 20153 30073 43374 20166 30114 43385 
20252 30173 43408 20293 30206 43420 55555 10295 
CGCB TELEOST
KKYY 09071 0159/ 753756 054776 88881 83099
20001 30491 43202 20018 30476 43201 20021 30319 43212 20024 30205 43218 
20026 30133 43221 20027 30001 43232 20028 35021 43229 20033 35064 43245 
20035 35047 43252 20040 30014 43262 20060 35053 43284 20131 30023 43350 
20152 30102 43381 20162 30161 43403 55555 10165 
CGCB TELEOST
KKYY 09071 0432/ 753916 054500 88881 83099
20002 30494 43214 20017 30486 43216 20018 30471 43221 20020 30416 43216 
20021 30359 43220 20022 30345 43215 20023 30264 43218 20026 30217 43217 
20027 30157 43225 20030 30114 43241 20031 30142 43252 20032 30119 43249 
20033 30071 43251 20035 30046 43254 20036 30001 43257 20054 35039 43285 
20063 35043 43295 20071 35030 43309 20080 35034 43314 20084 35004 43320 
20086 35010 43321 20088 35014 43325 20089 30010 43326 20100 30012 43331 
20101 30000 43335 20117 30009 43347 20131 30054 43364 20139 30078 43370 
20150 30109 43384 20159 30146 43398 20161 30164 43404 20164 30200 43417 
55555 10176 
CGCB TELEOST
KKYY 09071 0645/ 754081 054216 88881 83099
20002 30379 43229 20015 30367 43229 20018 30338 43230 20023 30302 43234 
20030 30272 43239 20032 30222 43242 20034 30154 43247 20035 30106 43244 
20036 30020 43258 20037 35031 43273 20038 30010 43276 20043 35007 43286 
20047 35033 43293 20056 35043 43303 20058 35071 43304 20087 35010 43337 
20088 35008 43332 20089 35019 43335 20090 30005 43338 20094 30031 43344 
20096 30024 43347 20108 30045 43356 20117 30070 43369 20120 30079 43373 
20129 30108 43383 20151 30174 43405 20159 30192 43411 20166 30214 43419 
20167 30214 43420 20174 30265 43435 20187 30268 43436 55555 10190 
CGCB TELEOST
KKYY 09071 0856/ 754200 054000 88881 83099
20000 30342 43232 20013 30334 43234 20018 30334 43235 20022 30315 43243 
20029 30320 43250 20032 30281 43254 20033 30191 43272 20035 30198 43278 
20036 30131 43292 20038 30060 43294 20039 30044 43302 20047 30067 43315 
20053 30057 43324 20055 30058 43325 20057 30044 43332 20086 30057 43348 
20087 30067 43346 20089 30066 43349 20090 30095 43353 20096 30073 43352 
20100 30087 43365 20102 30116 43368 20110 30135 43378 20112 30161 43380 
20118 30132 43382 20125 30157 43388 20130 30171 43395 20138 30216 43406 
20140 30170 43403 20158 30216 43418 20161 30234 43424 20170 30276 43434 
20183 30301 43442 20197 30343 43455 20213 30343 43455 55555 10215 
CGCB TELEOST
