JJVV 12071 1633/ 752844 055275 88888 06106
00063 03061 05060 07053 08052 11054 12054 13051 15040 16036 17034 18031 
20024 21021 23019 25018 28017 29016 31010 33006 35003 38001 40503 42505 
47507 55508 57509 65511 75510 92510 99901 10508 27506 46506 66666 10148 
CGCB TELEOST
JJVV 12071 1931/ 752300 055249 88888 06106
00075 11073 13072 15066 18064 22064 25061 27055 28054 29050 30049 31039 
32036 33026 35017 36009 37006 38004 39003 42001 43500 47500 50501 52501 
54502 55506 57506 62505 67507 69507 72508 81506 99901 05508 10507 13506 
24506 66666 10125 
CGCB TELEOST
JJVV 12071 2227/ 751761 055292 88888 06106
00051 02049 19049 20048 23042 24039 25035 26031 27022 28016 30013 33012 
38010 40008 41005 46002 47001 49501 60504 63506 74509 84510 93511 99901 
10512 17512 48511 66666 10150 
CGCB TELEOST
JJVV 13071 0000/ 751479 055386 88888 06106
00087 02086 15086 25086 29086 35086 37086 38084 39084 42082 44081 45081 
46083 47083 48083 49080 50070 51068 52067 54066 55065 56053 57047 58042 
59037 60028 61022 62018 64017 66016 68015 70013 71012 73010 66666 10074 
CGCB TELEOST
