KKYY 05071 1554/ 749516 050533 88881 83099
20002 30784 43257 20023 30771 43257 20024 30742 43256 20026 30617 43258 
20027 30543 43259 20029 30510 43259 20030 30454 43261 20031 30391 43263 
20033 30320 43266 20036 30228 43269 20037 30203 43272 20038 30152 43279 
20039 30109 43285 20042 30056 43293 20043 30013 43298 20045 30015 43305 
20054 30013 43325 20059 35006 43328 20063 35002 43334 20071 30024 43347 
20079 30056 43356 20084 30092 43362 20090 30112 43370 20096 30129 43376 
20103 30171 43387 20112 30173 43389 20156 30238 43418 20221 30279 43441 
20265 30316 43455 20301 30342 43466 20332 30343 43466 55555 10330 
CGCB TELEOST
KKYY 05071 1925/ 749366 051016 88881 83099
20002 30878 43230 20011 30855 43231 20012 30832 43234 20013 30804 43239 
20014 30785 43242 20016 30713 43246 20018 30648 43247 20020 30613 43249 
20021 30563 43252 20022 30529 43253 20023 30451 43257 20026 30407 43259 
20028 30378 43260 20032 30316 43260 20033 30271 43262 20034 30228 43260 
20036 30167 43258 20037 30100 43257 20040 30074 43264 20041 30093 43274 
20043 30060 43283 20046 30038 43292 20048 30002 43296 20053 35026 43301 
20057 30007 43313 20059 30002 43316 20065 30023 43327 20067 30028 43332 
20096 30109 43367 20103 30138 43377 20170 30253 43425 20311 30348 43468 
20338 30348 43469 55555 10336 
CGCB TELEOST
KKYY 05071 2210/ 749279 051279 88881 83099
20002 30837 43246 20014 30828 43247 20019 30772 43253 20020 30755 43254 
20021 30740 43251 20022 30588 43257 20023 30442 43262 20024 30408 43261 
20025 30358 43259 20030 30306 43259 20033 30275 43260 20034 30224 43263 
20035 30154 43269 20036 30139 43270 20040 30079 43278 20042 30054 43282 
20044 30010 43291 20045 35013 43299 20052 35016 43313 20067 30029 43335 
20076 30030 43343 20077 30035 43344 20078 30033 43344 20080 30066 43351 
20082 30081 43357 20083 30076 43355 20092 30105 43365 20129 30151 43389 
20131 30160 43390 20140 30188 43399 20158 30216 43413 20237 30302 43449 
20321 30341 43466 55555 10319 
CGCB TELEOST
KKYY 06071 0048/ 749189 051541 88881 83099
20001 30818 43178 20014 30801 43192 20017 30671 43210 20020 30524 43211 
20021 30506 43212 20023 30362 43218 20027 30191 43226 20029 30184 43233 
20034 30072 43241 20038 35034 43251 20045 35092 43263 20062 35107 43280 
20097 35023 43324 20102 30032 43335 20128 30110 43369 20137 30146 43378 
20171 30196 43402 20251 30309 43447 20312 30341 43465 55555 10311 
CGCB TELEOST
KKYY 06071 0352/ 749100 051829 88881 83099
20001 30793 43190 20016 30787 43189 20017 30656 43201 20018 30631 43204 
20021 30602 43203 20022 30560 43201 20025 30480 43204 20026 30452 43204 
20027 30407 43206 20028 30437 43217 20031 30392 43221 20032 30349 43223 
20034 30187 43223 20035 30138 43221 20036 30090 43221 20038 30118 43225 
20039 30095 43229 20041 30126 43235 20043 30129 43235 20045 30047 43243 
20046 30037 43244 20048 35044 43254 20051 35076 43257 20056 35117 43266 
20099 35061 43310 20136 30012 43343 20152 30096 43364 20160 30145 43381 
20189 30183 43398 20193 30181 43399 20226 30252 43424 20276 30291 43442 
20280 30320 43455 20285 30323 43456 55555 10286 
CGCB TELEOST
KKYY 06071 0550/ 749025 052066 88881 83099
20001 30803 43168 20009 30813 43162 20010 30753 43184 20018 30736 43207 
20021 30665 43207 20022 30585 43208 20024 30489 43216 20026 30389 43218 
20028 30368 43217 20029 30300 43216 20030 30243 43222 20031 30210 43224 
20032 30172 43229 20034 30094 43230 20035 30102 43233 20039 30073 43238 
20044 35007 43246 20047 35008 43248 20048 35069 43252 20049 35100 43257 
20056 35117 43265 20117 35046 43326 20145 35022 43336 20157 30025 43351 
20166 30066 43365 20174 30116 43385 20175 30149 43392 20183 30180 43398 
20197 30186 43404 20217 30234 43419 20237 30275 43432 20271 30305 43451 
20285 30326 43459 55555 10290 
CGCB TELEOST
KKYY 06071 0832/ 748916 052400 88881 83099
20001 30760 43155 20017 30724 43155 20018 30611 43183 20019 30560 43179 
20020 30398 43184 20023 30319 43185 20027 30264 43192 20032 30215 43201 
20035 30179 43210 20037 30158 43209 20046 30052 43221 20063 35076 43236 
20090 35118 43261 20136 35058 43299 20177 30004 43332 20197 30066 43354 
20258 30191 43402 20271 30207 43410 20303 30271 43433 20346 30300 43446 
55555 10348 
CGCB TELEOST
KKYY 06071 1057/ 748833 052650 88881 83099
20000 30837 43161 20009 30824 43162 20011 30813 43162 20012 30794 43166 
20013 30809 43164 20014 30585 43172 20015 30544 43174 20016 30467 43180 
20017 30369 43190 20023 30282 43199 20024 30209 43206 20026 30179 43212 
20027 30111 43214 20030 30101 43213 20031 30063 43218 20032 30052 43217 
20037 35032 43224 20039 35053 43225 20047 35093 43233 20077 35133 43248 
20092 35135 43253 20147 35100 43279 20157 35086 43290 20165 35053 43297 
20176 35042 43306 20194 35016 43323 20206 30032 43342 20216 30075 43354 
20225 30087 43359 20234 30124 43374 20239 30139 43380 20240 30154 43385 
55555 10250 
CGCB TELEOST
KKYY 06071 1223/ 748800 052750 88881 83099
20001 30878 43170 20015 30863 43170 20016 30728 43172 20018 30595 43176 
20019 30546 43175 20020 30494 43178 20022 30411 43184 20023 30369 43188 
20024 30230 43202 20025 30180 43203 20028 30145 43207 20030 30096 43212 
20033 30069 43216 20037 30028 43220 20038 35010 43225 20047 35055 43232 
20058 35111 43240 20087 35136 43250 20138 35110 43268 20167 35067 43296 
20169 35046 43308 55555 10167 
CGCB TELEOST
KKYY 06071 1346/ 748733 052966 88881 83099
20001 31071 43156 20010 31043 43154 20011 31014 43152 20012 30923 43152 
20013 30849 43161 20014 30666 43172 20015 30504 43182 20016 30444 43186 
20018 30407 43188 20019 30313 43195 20023 30280 43197 20024 30242 43201 
20028 30189 43205 20029 30142 43211 20034 30106 43215 20037 30071 43217 
20040 30038 43221 20042 30022 43223 20043 35005 43225 20057 35053 43233 
20086 35083 43241 20096 35084 43243 55555 10100 
CGCB TELEOST
