KKYY 07071 1549/ 752622 052216 88881 83099
20002 30689 43235 20016 30614 43232 20018 30492 43243 20023 30382 43251 
20026 30227 43264 20029 30155 43274 20030 30062 43273 20033 30058 43278 
20035 30135 43290 20039 30059 43297 20040 30084 43294 20041 35011 43298 
20047 30071 43320 20063 30082 43351 20142 30258 43435 20290 30362 43474 
55555 10290 
CGCB TELEOST
JJVV 07071 1759/ 752696 052660 88888 03206
00066 04064 10062 15051 18040 19031 20030 22029 24026 27025 28025 29020 
30019 32029 33020 34007 41000 43001 46500 54003 66007 68009 70012 76011 
79013 99018 99901 06022 21022 26026 67028 99902 11032 20034 34035 66666 
10235 
CGCB TELEOST
JJVV 07071 2002/ 752802 053243 88888 06106
00071 08067 11052 14056 15051 17029 19016 21007 26018 28028 29040 31008 
32003 33002 40509 45510 63509 99901 03500 13005 28012 35018 99030 99902 
08030 66666 10215 
CGCB TELEOST
JJVV 07071 2204/ 752915 053802 88888 04206
00076 14072 18058 20047 22030 24023 25012 26009 30008 32003 33003 34000 
37502 44502 57505 66505 91505 99901 20001 45008 95018 99902 01021 61026 
88029 99904 49034 99905 10036 14036 66666 10515 
CGCB TELEOST
JJVV 08071 0033/ 752996 054361 88888 03206
00078 08077 14067 18048 20024 22012 28010 31014 33012 35002 38501 41001 
49502 50503 52501 56502 58501 66507 99901 09505 21502 99902 12005 46011 
54014 74020 90022 66666 10291 
CGCB TELEOST
