KKYY 09071 1130/ 754354 053733 88881 83099
20002 30468 43215 20008 30459 43214 20009 30426 43209 20010 30308 43217 
20011 30277 43224 20013 30247 43223 20016 30128 43235 20017 30098 43234 
20018 30030 43239 20019 35037 43246 20025 35051 43256 20081 35024 43311 
20124 30015 43341 20139 30030 43352 20147 30037 43356 20152 30045 43361 
20156 30075 43363 20178 30113 43382 20187 30157 43397 20191 30204 43415 
20206 30244 43428 20213 30278 43436 20231 30281 43437 55555 10236 
CGCB TELEOST
KKYY 09071 1403/ 754500 053500 88881 83099
20002 30471 43225 20004 30451 43227 20007 30454 43226 20008 30439 43232 
20009 30457 43226 20010 30451 43225 20011 30416 43222 20012 30049 43248 
20013 30017 43255 20014 35005 43258 20016 35004 43265 20017 35000 43264 
20023 35030 43281 20034 35024 43297 20041 35029 43304 20052 35005 43319 
20054 30008 43322 20057 35011 43323 20067 30008 43337 20081 30037 43349 
20097 30046 43356 20108 30102 43369 20123 30117 43378 20141 30156 43393 
20155 30177 43403 20158 30223 43412 20164 30253 43415 20168 30217 43413 
20181 30231 43421 20190 30256 43427 20214 30276 43434 20223 30293 43437 
20227 30304 43439 20238 30303 43441 20265 30319 43451 20278 30366 43461 
20309 30372 43463 55555 10314 
CGCB TELEOST
KKYY 09071 1555/ 754633 053250 88881 83099
20002 30559 43334 20007 30523 43338 20009 30503 43345 20016 30451 43345 
20017 30432 43342 20019 30303 43366 20020 30404 43392 20021 30407 43389 
20022 30369 43389 20023 30254 43378 20029 30219 43379 20039 30216 43389 
20049 30197 43393 20056 30161 43395 20066 30175 43401 20070 30214 43407 
20074 30232 43411 20088 30285 43429 20096 30329 43439 20097 30344 43439 
20101 30325 43441 20125 30311 43444 20156 30323 43450 20203 30370 43463 
20215 30407 43469 20234 30436 43475 20286 30426 43478 20325 30398 43477 
20385 30416 43483 20527 30392 43482 20694 30381 43483 55555 10678 
CGCB TELEOST
KKYY 09071 1940/ 754783 053000 88881 83099
20002 30665 43426 20004 30668 43425 20005 30660 43426 20009 30654 43427 
20010 30655 43426 20011 30648 43429 20017 30636 43429 20033 30625 43429 
20034 30611 43427 20035 30598 43430 20038 30588 43431 20039 30583 43427 
20042 30498 43447 20044 30478 43453 20047 30462 43457 20051 30441 43459 
20059 30427 43461 20064 30407 43462 20076 30393 43465 20120 30393 43471 
20136 30379 43474 20216 30382 43479 20275 30378 43481 20372 30378 43482 
20487 30386 43484 20509 30376 43483 20632 30361 43483 20693 30351 43483 
20825 30358 43486 21069 30355 43487 55555 11054 
CGCB TELEOST
KKYY 10071 0036/ 755066 052500 88881 83099
20002 30754 43433 20006 30751 43432 20007 30735 43431 20026 30723 43432 
20028 30711 43435 20030 30689 43437 20032 30661 43438 20036 30558 43445 
20037 30623 43440 20038 30497 43452 20040 30482 43453 20046 30466 43455 
20047 30450 43456 20058 30429 43459 20066 30415 43461 20078 30394 43465 
20079 30397 43465 20081 30390 43466 20145 30373 43474 20192 30367 43478 
20484 30358 43483 20622 30350 43483 20992 30350 43487 21199 30341 43487 
55555 12646 
CGCB TELEOST
JJVV 10071 0619/ 755267 053271 88888 01106
00073 02072 10072 21070 27067 36065 40061 44058 46055 47050 49048 53047 
58044 83042 95041 99901 15040 76038 99902 60038 99905 74039 99906 63038 
99910 88036 99912 87034 99916 96034 99919 24032 29033 83032 99920 11032 
37032 99921 04031 15032 66031 66666 12877 
CGCB TELEOST
