JJVV 06071 1718/ 749133 052898 88888 03206
00101 07097 10092 18087 22076 25070 26066 27050 29037 34033 36024 38019 
41012 42006 47001 52000 54503 58506 66511 98513 99901 40509 56506 61504 
67505 90501 95500 99902 06002 15007 34013 40014 51020 66666 10252 
CGCB TELEOST
JJVV 06071 1905/ 749457 052831 88888 03206
00088 04082 10083 12070 13060 14037 15032 23019 24017 26021 31011 32007 
36005 41500 54506 60509 87513 99901 15512 35510 48508 57508 75506 92001 
99902 11005 28008 34012 41012 46014 52015 62018 92027 99903 04028 19030 
66666 10320 
CGCB TELEOST
JJVV 06071 2102/ 749789 052760 88888 03206
00103 09095 11088 15077 20072 26062 27053 29050 30042 33032 35026 37014 
39011 42010 43006 45006 47501 50505 51503 52506 60509 73510 94504 99901 
03001 11001 19002 27001 42003 63007 71009 79014 99902 44024 99903 55030 
99904 57033 66666 10458 
CGCB TELEOST
JJVV 06071 2317/ 750197 052689 88888 03206
00072 06070 16068 21057 23047 27037 29035 32027 39013 44010 46007 47001 
49503 51505 58510 85507 99901 00502 23003 42008 52012 69012 95018 99902 
01019 05020 58024 66027 88029 99904 13033 29033 66666 10430 
CGCB TELEOST
JJVV 07071 0054/ 750499 052632 88888 06106
00074 22067 25063 27059 28052 32048 34046 36039 37034 38030 41027 42020 
45007 49501 54503 73000 85004 99901 16013 53021 93026 99902 25028 37029 
66666 10238 
CGCB TELEOST
JJVV 07071 0249/ 750845 052568 88888 06106
00080 22076 25073 28064 29058 32049 35047 36042 38036 40034 41023 43017 
47010 50008 54001 60500 75002 85001 94003 99901 00009 11012 24016 51021 
99902 46028 65029 66666 10270 
CGCB TELEOST
JJVV 07071 0450/ 751205 052509 88888 06106
00077 05075 13074 20070 23059 28052 33043 35040 38032 40021 42013 43000 
44503 48506 57506 72502 80501 99901 03004 21011 31018 40019 55019 99902 
49030 99903 00033 66666 10422 
CGCB TELEOST
JJVV 07071 0458/ 751228 052504 88888 03206
00077 04075 10074 18070 22068 25059 30053 33053 34052 36039 38037 40035 
42032 44021 46016 47008 48501 54507 65505 77503 83502 87500 99901 19008 
22009 25011 34016 48019 73019 99902 89032 99904 17034 29036 35036 66666 
10435 
CGCB TELEOST
JJVV 07071 0701/ 751593 052431 88888 03206
00071 04069 11069 18063 19058 21057 23057 26042 28033 30029 32018 36012 
37006 40000 42501 43001 46501 50500 54006 57005 59008 62010 65004 67004 
77007 80009 83018 85018 99901 01014 03013 14015 19016 31017 46020 60024 
73026 99902 60033 99904 75035 66666 10476 
CGCB TELEOST
JJVV 07071 0857/ 751930 052375 88888 03206
00064 03061 08062 11057 12051 14050 17046 18046 19042 20025 22011 28501 
32504 40507 48508 52506 56503 62502 64502 70001 71001 72004 73011 75010 
77008 83010 87014 90014 99901 13018 25020 29021 44027 73031 78029 99902 
24032 58035 94035 66666 10295 
CGCB TELEOST
JJVV 07071 1043/ 752254 052316 88888 03206
00065 04063 09062 10060 12044 13036 14034 16039 18032 20019 21011 23502 
24505 26507 32509 55508 72502 82000 99901 02006 13009 23014 29016 60021 
99902 32032 99903 00034 02034 66666 10314 
CGCB TELEOST
