KKYY 18071 0914/ 748139 049779 88881 83099
20001 30908 43196 20003 30945 43197 20005 30963 43197 20006 30961 43197 
20007 30925 43196 20008 30826 43197 20010 30791 43196 20015 30738 43197 
20017 30698 43197 20018 30641 43199 20019 30610 43200 20021 30466 43203 
20023 30260 43213 20026 30161 43219 20027 30085 43224 20030 30016 43230 
20036 35011 43232 20037 35059 43235 20045 35102 43241 20067 35136 43252 
20099 35110 43270 20147 35053 43305 20158 35025 43315 20161 35003 43320 
20179 30046 43338 20201 30089 43360 55555 10204 
CGCB TELEOST
KKYY 18071 1118/ 748090 050020 88881 83099
20001 30837 43196 20008 30852 43197 20011 30882 43195 20015 30799 43196 
20017 30774 43194 20020 30705 43198 20022 30542 43203 20024 30362 43205 
20026 30252 43212 20031 30140 43223 20037 35050 43235 20051 35119 43248 
20078 35121 43259 20090 35097 43274 20117 35041 43296 20129 30038 43318 
20139 30027 43327 20153 30128 43375 20163 30128 43375 55555 10167 
CGCB TELEOST
KKYY 18071 1245/ 748040 050250 88881 83099
20001 30899 43192 20008 30899 43192 20009 30856 43196 20014 30789 43195 
20015 30765 43197 20016 30732 43198 20017 30693 43197 20018 30623 43196 
20019 30586 43195 20020 30573 43195 20023 30486 43198 20027 30417 43204 
20028 30366 43206 20029 30344 43204 20031 30244 43213 20032 30160 43218 
20033 30147 43224 20036 30158 43230 20037 30090 43231 20040 35001 43230 
20043 35062 43235 20051 35077 43242 20052 35110 43245 20061 35130 43251 
20090 35112 43272 20098 35086 43282 20102 35071 43287 20111 35064 43296 
20114 35027 43303 20122 30021 43329 20124 30045 43337 20149 30067 43346 
55555 10152 
CGCB TELEOST
KKYY 18071 1453/ 747990 050479 88881 83099
20001 31026 43192 20002 31031 43192 20003 31015 43193 20011 30938 43194 
20012 30896 43196 20016 30802 43196 20017 30758 43192 20019 30635 43192 
20020 30602 43193 20023 30571 43196 20024 30530 43206 20026 30425 43213 
20027 30302 43216 20029 30247 43217 20031 30232 43217 20032 30184 43216 
20033 30073 43225 20036 30019 43227 20038 35043 43233 20040 35074 43236 
20044 35091 43241 20047 35084 43244 20055 35137 43253 20091 35097 43275 
20104 35060 43292 20117 35037 43303 20122 35015 43311 20126 35000 43315 
20132 30030 43328 20135 30030 43328 55555 10138 
CGCB TELEOST
KKYY 18071 1630/ 747940 050720 88881 83099
20001 31060 43208 20003 31077 43209 20004 31093 43206 20005 31014 43207 
20006 30974 43208 20007 30965 43207 20009 30875 43210 20013 30833 43214 
20017 30812 43215 20022 30788 43215 20023 30755 43217 20024 30676 43219 
20025 30609 43221 20026 30514 43225 20027 30487 43226 20028 30449 43225 
20029 30303 43232 20037 30182 43240 20040 30078 43241 20042 30029 43242 
20043 30019 43246 20046 35004 43247 20048 35039 43249 20053 35088 43252 
20064 35136 43258 20067 35119 43261 20069 35112 43263 20076 35119 43266 
20085 35086 43275 20090 35061 43281 20099 35044 43287 20102 35023 43291 
20104 35011 43298 20114 30001 43305 55555 10115 
CGCB TELEOST
KKYY 18071 1832/ 747890 050950 88881 83099
20001 31080 43204 20004 31074 43203 20005 31028 43204 20008 31025 43204 
20009 30999 43204 20010 31005 43203 20012 30977 43204 20013 30906 43204 
20015 30864 43203 20021 30830 43206 20022 30797 43204 20023 30743 43208 
20024 30666 43211 20025 30596 43215 20026 30552 43216 20027 30471 43223 
20029 30324 43227 20031 30305 43232 20035 30293 43235 20036 30185 43232 
20039 30106 43234 20042 30096 43240 20044 30060 43241 20045 30006 43244 
20050 35022 43247 20052 35085 43250 20063 35131 43255 20071 35109 43260 
20075 35083 43265 20077 35088 43266 20079 35092 43268 20101 35060 43285 
20108 35041 43296 20122 35001 43307 20124 30025 43321 55555 10126 
CGCB TELEOST
KKYY 18071 2018/ 747840 051189 88881 83099
20001 31034 43210 20003 31038 43210 20005 30996 43209 20007 30970 43209 
20010 30947 43210 20011 30957 43208 20012 30911 43210 20013 30894 43208 
20021 30805 43211 20023 30784 43211 20024 30730 43213 20027 30632 43215 
20028 30516 43220 20030 30431 43224 20031 30405 43227 20032 30340 43226 
20033 30283 43231 20034 30249 43233 20035 30238 43230 20036 30144 43234 
20039 30121 43237 20040 30099 43238 20041 30063 43242 20042 30017 43245 
20045 35020 43245 20046 35051 43247 20051 35090 43249 20052 35114 43252 
20064 35131 43258 20077 35110 43265 20083 35071 43278 20117 35014 43297 
20128 30037 43314 20170 30061 43324 55555 10174 
CGCB TELEOST
KKYY 18071 2242/ 747790 051420 88881 83099
20000 31026 43209 20002 31030 43209 20003 31057 43208 20004 31039 43206 
20005 31081 43208 20008 31073 43208 20009 31081 43207 20010 31068 43209 
20011 30972 43210 20013 30926 43209 20015 30858 43210 20028 30803 43211 
20030 30705 43214 20033 30587 43220 20034 30535 43222 20035 30395 43230 
20036 30377 43229 20037 30339 43233 20040 30315 43235 20042 30258 43240 
20044 30219 43242 20045 30183 43242 20049 30079 43244 20053 30027 43247 
20059 35089 43250 20064 35130 43254 20070 35131 43259 20081 35102 43268 
20092 35059 43280 20121 35001 43301 20137 30045 43316 20138 30047 43317 
55555 10142 
CGCB TELEOST
KKYY 19071 0016/ 747740 051650 88881 83099
20001 31173 43182 20002 31167 43181 20003 31114 43182 20005 31112 43181 
20013 31017 43185 20015 30949 43199 20017 30897 43207 20019 30834 43209 
20025 30810 43210 20026 30743 43213 20027 30690 43214 20030 30602 43217 
20031 30516 43221 20032 30484 43224 20034 30417 43227 20036 30368 43230 
20037 30302 43229 20038 30279 43229 20040 30223 43230 20042 30186 43230 
20043 30156 43233 20045 30129 43236 20048 30071 43238 20050 30039 43238 
20051 35016 43241 20060 35075 43246 20072 35130 43252 20084 35139 43257 
20105 35104 43272 20113 35096 43278 20121 35067 43287 20131 35008 43301 
20134 30030 43308 20157 30050 43317 55555 10158 
CGCB TELEOST
KKYY 19071 0225/ 747679 051879 88881 83099
20001 31127 43186 20007 31105 43186 20012 31047 43185 20014 31014 43185 
20016 30971 43186 20020 30884 43189 20021 30823 43190 20022 30740 43193 
20023 30704 43195 20024 30680 43194 20025 30572 43201 20026 30446 43207 
20027 30394 43207 20029 30240 43211 20031 30115 43215 20035 30071 43222 
20039 30026 43227 20041 35006 43230 20043 35007 43233 20046 35044 43236 
20053 35066 43240 20054 35059 43242 20057 35049 43243 20068 35090 43246 
20084 35124 43252 20103 35129 43257 20122 35096 43267 20145 35062 43286 
20150 35017 43294 20153 35024 43296 20155 35010 43299 20162 30005 43309 
20168 30031 43319 20181 30037 43322 55555 10184 
CGCB TELEOST
KKYY 19071 0412/ 747629 052119 88881 83099
20001 31173 43183 20007 31122 43184 20011 31082 43181 20013 30965 43184 
20022 30877 43189 20024 30780 43192 20025 30609 43200 20027 30472 43202 
20029 30262 43211 20034 30166 43217 20037 30081 43221 20040 30050 43226 
20041 30035 43227 20048 35057 43234 20080 35131 43249 20084 35098 43253 
20091 35113 43254 20108 35127 43260 20132 35075 43279 20166 30015 43314 
55555 10170 
CGCB TELEOST
KKYY 19071 0622/ 747579 052350 88881 83099
20002 31219 43182 20004 31180 43181 20007 31175 43182 20008 31149 43179 
20009 31115 43184 20010 30978 43183 20019 30912 43183 20021 30846 43186 
20026 30722 43190 20027 30629 43193 20028 30452 43208 20033 30264 43217 
20039 30127 43226 20043 30059 43230 20045 30002 43234 20061 35099 43247 
20110 35116 43260 20152 35017 43292 20164 30010 43312 55555 10166 
CGCB TELEOST
KKYY 19071 0755/ 747546 052586 88881 83099
20001 31195 43182 20007 31198 43182 20008 31118 43181 20010 31075 43180 
20020 30912 43185 20022 30890 43186 20023 30819 43189 20026 30763 43189 
20027 30644 43194 20028 30545 43199 20029 30510 43203 20030 30484 43202 
20031 30447 43204 20033 30374 43209 20035 30303 43213 20041 30172 43222 
20050 30112 43229 20052 30014 43235 20087 35058 43250 20091 35078 43252 
20103 35099 43254 20109 35102 43255 20135 35115 43259 20138 35110 43258 
20145 35112 43262 20149 35074 43269 20153 35042 43278 20160 35006 43297 
20163 30012 43303 20175 30012 43303 55555 10176 
CGCB TELEOST
