JJVV 17071 1153/ 751514 050175 88888 04206
00076 02074 09074 12069 13064 15058 16056 18056 20053 24050 26047 29042 
32041 35038 41037 42035 50036 54037 62037 83039 99901 16040 38041 50039 
54037 65037 70038 75040 83041 99902 07040 17041 30040 64039 99903 57038 
99904 68036 99907 76037 66666 10777 
CGCB TELEOST
JJVV 17071 1502/ 751020 050118 88888 04206
00087 19084 23071 30063 39046 61037 64045 99901 28038 45038 48049 49044 
51046 53057 59052 67047 99902 03041 99903 09039 11050 19052 21052 23046 
25048 30048 33046 34045 35048 37046 38049 78043 99904 84040 99909 13038 
66666 10956 
CGCB TELEOST
JJVV 17071 1805/ 750553 050062 88888 01106
00094 02092 12092 15091 17089 19087 20080 23070 27067 30064 31063 34059 
36053 37051 38047 40045 41044 43041 56036 59034 64035 72036 74035 79035 
83034 99901 14034 62036 99902 30036 99905 16035 99908 67035 99911 71035 
83035 66666 11184 
CGCB TELEOST
JJVV 17071 2109/ 750084 050008 88888 01106
00092 02090 08090 15088 16084 19079 21070 23065 24064 26055 27050 31044 
32042 35040 37038 40037 43035 52037 99901 04039 17039 99902 11036 99903 
80036 99905 28036 99908 38035 99909 37035 66666 10938 
CGCB TELEOST
JJVV 18071 0006/ 749612 049960 88888 04206
00089 03088 12087 16079 17075 21075 24075 26070 28068 30063 31063 32059 
34049 36042 40039 41036 48032 50030 52032 55030 64030 65031 68031 77033 
82034 87036 99901 03035 32036 51036 78037 99902 30037 99906 73036 66666 
10674 
CGCB TELEOST
JJVV 18071 0252/ 749170 049991 88888 04206
00087 26074 32051 34050 47024 99901 69035 99906 72037 66666 10673 
CGCB TELEOST
JJVV 18071 0553/ 748646 049896 88888 04206
00101 10100 11093 14085 18081 21072 28059 29046 30042 32039 35021 40016 
41014 42007 43002 46502 48508 54511 72508 82506 99901 09501 12001 25005 
43009 49011 65015 82020 99902 30027 99903 23029 66666 10324 
CGCB TELEOST
