JJVV 14071 1451/ 751458 055058 88888 06106
00088 06082 07078 13064 15062 20055 23055 27045 28040 31035 33019 35013 
38008 45004 55000 60501 67500 74503 78507 91511 99901 07512 48510 66666 
10149 
CGCB TELEOST
KKYY 14071 2100/ 751596 054596 88881 83099
20001 30797 43071 20010 30789 43074 20012 30744 43127 20017 30718 43140 
20018 30680 43142 20019 30583 43145 20020 30418 43169 20021 30294 43184 
20023 30180 43200 20025 30117 43207 20027 30073 43212 20028 30025 43215 
20030 30028 43220 20034 35057 43228 20044 35097 43236 20057 35129 43245 
20091 35108 43270 20092 35084 43272 20095 35106 43275 20117 35082 43291 
20128 35073 43301 20135 35057 43312 20147 35032 43325 20174 30044 43357 
20183 30048 43359 55555 10187 
CGCB TELEOST
JJVV 14071 2331/ 751238 054872 88888 06106
00079 03077 08075 10073 11068 16068 18067 20067 21049 22043 26023 28021 
30007 33002 44504 47506 52505 54504 56508 60512 80512 99901 07511 62508 
72504 66666 10173 
CGCB TELEOST
JJVV 15071 0134/ 750944 055109 88888 06106
00084 03082 07083 11079 20078 21077 22069 23052 25040 26030 27025 29019 
31015 36012 39007 40005 42503 44505 46506 47508 49509 55513 57513 58512 
59510 62512 64514 65513 69514 84513 91512 92513 99901 19511 46508 58506 
61504 72503 66666 10176 
CGCB TELEOST
JJVV 15071 0322/ 750697 055317 88888 06106
00092 03088 10086 14083 22076 27070 30061 33050 41042 44031 47025 54019 
57014 63010 65005 69005 70500 76504 80508 99901 07513 32513 65509 74507 
66666 10175 
CGCB TELEOST
JJVV 15071 0522/ 750605 055730 88888 06106
00087 03086 09085 14081 18080 21077 25076 27065 28059 30055 31054 32052 
33045 35037 36033 38029 40028 42024 43021 44019 45015 49012 50009 55006 
58003 62000 64505 69509 82513 85515 99901 16514 42513 66666 10143 
CGCB TELEOST
JJVV 15071 0722/ 750463 056148 88888 06106
00081 03079 10078 15070 17070 18074 19080 23082 25083 28077 30077 32071 
33057 34051 37048 39042 40042 43036 44033 45024 47017 50015 54013 55009 
59003 65502 71505 76505 91509 99901 12512 15512 66666 10116 
CGCB TELEOST
