KKYY 02071 1139/ 747000 045500 88881 83099
20002 30978 43388 20009 30970 43387 20020 30936 43385 20027 30919 43385 
20032 30895 43385 20034 30873 43387 20035 30858 43386 20038 30801 43389 
20042 30780 43390 20043 30761 43391 20044 30714 43392 20052 30674 43395 
20055 30667 43396 20060 30627 43402 20069 30580 43410 20075 30551 43415 
20086 30513 43421 20090 30493 43422 20095 30456 43429 20097 30445 43431 
20098 30423 43435 20101 30415 43436 20119 30410 43451 20130 30427 43459 
20158 30442 43472 20249 30409 43483 55555 10249 
CGCB TELEOST
KKYY 02071 1342/ 747000 045213 88881 83099
20001 30972 43395 20014 30960 43395 20016 30948 43396 20018 30947 43393 
20019 30936 43392 20020 30912 43394 20023 30877 43391 20024 30827 43391 
20028 30775 43392 20029 30742 43393 20033 30720 43400 20039 30700 43405 
20043 30662 43403 20048 30645 43409 20059 30582 43412 20068 30532 43419 
20086 30466 43432 20097 30436 43442 20113 30426 43452 20166 30424 43466 
55555 10167 
CGCB TELEOST
KKYY 02071 1546/ 747000 044988 88881 83099
20001 30957 43396 20010 30947 43397 20012 30939 43398 20013 30906 43397 
20014 30944 43397 20020 30894 43398 20027 30868 43398 20029 30807 43397 
20035 30756 43397 20048 30711 43401 20049 30713 43405 20054 30664 43406 
20059 30642 43405 20060 30621 43408 20062 30605 43412 20072 30555 43417 
20079 30510 43423 20093 30468 43429 20097 30441 43437 20149 30419 43457 
55555 10148 
CGCB TELEOST
KKYY 02071 1709/ 747000 044771 88881 83099
20001 31003 43391 20004 30998 43391 20007 30998 43391 20008 30997 43391 
20010 30990 43391 20011 30983 43391 20012 30974 43392 20013 30969 43391 
20016 30929 43393 20017 30910 43395 20018 30872 43397 20020 30843 43399 
20021 30815 43401 20025 30742 43404 20026 30723 43405 20028 30687 43405 
20034 30662 43408 20047 30642 43411 20053 30620 43414 20055 30608 43414 
20062 30580 43416 20064 30562 43418 20068 30550 43419 20077 30515 43424 
20086 30488 43429 20088 30470 43435 20098 30441 43443 20106 30426 43448 
20147 30423 43452 55555 10148 
CGCB TELEOST
KKYY 02071 1904/ 747000 044578 88881 83099
20001 30979 43391 20013 30989 43392 20014 30974 43391 20015 30962 43391 
20016 30937 43392 20021 30901 43392 20022 30888 43392 20024 30814 43395 
20032 30739 43396 20034 30715 43397 20039 30704 43397 20046 30674 43400 
20053 30649 43403 20056 30627 43405 20059 30604 43408 20063 30579 43412 
20066 30555 43416 20068 30536 43420 20080 30491 43429 20085 30474 43433 
20088 30446 43441 20096 30431 43445 20137 30424 43447 55555 10131 
CGCB TELEOST
KKYY 02071 2029/ 747000 044433 88881 83099
20001 30987 43395 20007 30985 43395 20008 30972 43395 20009 30945 43394 
20011 30930 43397 20015 30900 43397 20017 30887 43397 20018 30882 43398 
20021 30832 43397 20022 30812 43397 20025 30787 43395 20028 30724 43396 
20029 30685 43397 20031 30660 43401 20038 30651 43407 20042 30650 43413 
20046 30626 43418 20048 30609 43418 20049 30572 43416 20060 30554 43425 
20062 30531 43425 20063 30516 43425 20065 30489 43426 20067 30462 43428 
20070 30436 43431 20081 30426 43436 20084 30427 43442 20085 30414 43446 
20094 30425 43455 20152 30422 43465 55555 10151 
CGCB TELEOST
KKYY 02071 2148/ 747000 044231 88881 83099
20001 31024 43422 20013 31017 43422 20014 30963 43423 20016 30954 43423 
20025 30949 43424 20026 30928 43424 20027 30874 43421 20028 30862 43422 
20029 30850 43422 20030 30820 43421 20031 30791 43422 20032 30682 43418 
20035 30658 43418 20037 30643 43418 20039 30634 43418 20040 30629 43418 
20041 30570 43417 20044 30544 43418 20045 30525 43419 20048 30516 43424 
20052 30501 43426 20056 30485 43427 20060 30456 43428 20063 30441 43429 
20069 30417 43433 20077 30404 43436 20081 30393 43439 20107 30388 43450 
20115 30406 43459 20145 30432 43476 20185 30428 43482 20275 30413 43485 
55555 10275 
CGCB TELEOST
KKYY 02071 2343/ 747000 044083 88881 83099
20003 31006 43425 20015 30999 43425 20017 30991 43425 20019 30955 43425 
20023 30920 43425 20024 30906 43425 20029 30889 43425 20030 30856 43425 
20031 30796 43427 20037 30733 43428 20042 30673 43430 20044 30656 43431 
20046 30624 43433 20055 30598 43435 20057 30567 43436 20065 30553 43438 
20070 30537 43441 20074 30524 43441 20080 30507 43443 20082 30497 43444 
20088 30477 43448 20092 30466 43450 20099 30458 43451 20100 30436 43453 
20102 30432 43454 20104 30420 43455 20106 30410 43454 20109 30397 43453 
20110 30379 43452 20114 30395 43456 20125 30417 43464 20162 30434 43480 
20223 30404 43483 20330 30393 43486 55555 10328 
CGCB TELEOST
KKYY 03071 0119/ 747000 043833 88881 83099
20001 31006 43421 20008 31000 43422 20012 30972 43423 20013 30977 43423 
20014 30967 43423 20017 30942 43423 20022 30921 43423 20024 30895 43423 
20025 30849 43423 20028 30764 43424 20030 30706 43426 20033 30687 43426 
20041 30652 43428 20043 30609 43431 20049 30561 43432 20051 30546 43432 
20059 30535 43434 20061 30525 43438 20065 30492 43445 20079 30473 43453 
20088 30450 43457 20099 30432 43461 20127 30417 43470 20165 30407 43475 
20188 30387 43477 20295 30387 43483 20477 30366 43486 20557 30363 43486 
55555 10556 
CGCB TELEOST
KKYY 03071 0439/ 747000 043400 88881 83099
20001 30911 43418 20003 30890 43418 20004 30869 43420 20006 30885 43418 
20007 30875 43418 20008 30858 43420 20009 30825 43422 20032 30750 43425 
20036 30728 43426 20040 30684 43429 20044 30631 43433 20054 30611 43434 
20056 30588 43436 20059 30538 43441 20060 30512 43445 20065 30441 43455 
20073 30414 43461 20075 30400 43461 20083 30371 43464 20089 30388 43467 
20098 30376 43467 20126 30349 43467 20652 30367 43486 21173 30341 43487 
21204 30341 43487 55555 11231 
CGCB TELEOST
KKYY 03071 0830/ 747000 043000 88881 83099
20001 30886 43410 20004 30888 43410 20006 30900 43409 20007 30890 43410 
20009 30891 43410 20010 30883 43410 20021 30859 43412 20022 30850 43412 
20024 30834 43413 20028 30803 43415 20031 30788 43417 20033 30782 43418 
20035 30757 43419 20036 30727 43419 20037 30719 43421 20039 30701 43422 
20044 30674 43423 20046 30663 43422 20047 30648 43421 20048 30625 43422 
20054 30582 43424 20055 30566 43425 20059 30551 43427 20061 30540 43428 
20062 30527 43430 20067 30481 43437 20072 30443 43441 20073 30427 43443 
20086 30407 43448 20087 30382 43454 20090 30372 43455 20125 30352 43465 
20154 30363 43471 20175 30364 43473 20194 30352 43473 20348 30367 43480 
20678 30370 43486 21204 30345 43487 55555 13554 
CGCB TELEOST
