KKYY 29061 2315/ 747546 052586 88881 83099
20001 31041 43177 20010 31022 43178 20014 30995 43178 20015 30944 43180 
20016 30917 43180 20021 30880 43182 20022 30846 43181 20023 30751 43186 
20024 30665 43189 20025 30586 43194 20027 30517 43197 20028 30435 43201 
20031 30377 43205 20032 30329 43211 20033 30284 43213 20039 30205 43220 
20042 30149 43223 20047 30101 43227 20048 30063 43230 20050 30037 43232 
20054 35013 43238 20060 35041 43243 20065 35081 43246 20069 35082 43246 
20070 35098 43248 20089 35127 43254 20112 35115 43261 20142 35054 43278 
20150 35024 43287 20171 35000 43298 55555 10176 
CGCB TELEOST
JJVV 30061 0231/ 747216 052731 88888 06106
00100 08098 17095 20090 22087 23080 27073 28069 32065 33057 35049 37044 
39039 43033 47021 52019 54015 67500 80506 89510 99901 02510 08512 17511 
24507 37506 46503 55502 66666 10156 
CGCB TELEOST
KKYY 30061 0430/ 747000 052831 88881 83099
20001 30832 43187 20008 30820 43187 20012 30788 43188 20021 30748 43188 
20023 30729 43190 20024 30703 43191 20025 30617 43194 20026 30557 43199 
20029 30519 43200 20030 30501 43201 20031 30449 43206 20036 30419 43209 
20042 30371 43213 20045 30317 43215 20047 30301 43216 20051 30241 43220 
20053 30228 43220 20054 30124 43230 20055 30094 43232 20059 30069 43234 
20066 30047 43237 20079 35020 43243 20080 35035 43245 20094 35047 43248 
20101 35068 43252 55555 10103 
CGCB TELEOST
KKYY 30061 0550/ 747000 052704 88881 83099
20001 30870 43201 20015 30845 43201 20018 30822 43201 20019 30784 43206 
20021 30758 43207 20022 30652 43218 20025 30589 43225 20029 30542 43228 
20039 30493 43230 20040 30462 43231 20042 30435 43231 20043 30388 43231 
20045 30247 43233 20048 30191 43234 20051 30136 43236 20052 30108 43242 
20054 30069 43246 20059 30075 43252 20061 30084 43257 20064 30102 43263 
20066 30106 43266 20069 30125 43270 20073 30098 43271 20080 30092 43273 
20082 30075 43275 20088 30040 43275 20093 30042 43279 20094 30005 43279 
20098 35019 43278 20116 35000 43290 20150 30045 43312 20183 30048 43314 
55555 10184 
CGCB TELEOST
KKYY 30061 0731/ 747000 052579 88881 83099
20001 30898 43201 20022 30886 43201 20025 30852 43206 20027 30762 43217 
20028 30609 43227 20029 30580 43226 20032 30550 43227 20034 30524 43229 
20037 30470 43232 20041 30380 43242 20043 30357 43246 20044 30332 43246 
20045 30245 43247 20046 30200 43249 20047 30182 43247 20048 30080 43248 
20049 30040 43251 20051 35015 43252 20053 35041 43253 20062 35084 43258 
20070 35093 43263 20071 35066 43265 20072 35044 43268 20074 35032 43269 
20078 35044 43269 20079 35029 43273 20082 30019 43277 20084 30032 43279 
20086 30009 43279 20092 30010 43282 20099 30034 43290 20100 30034 43290 
20104 30031 43295 20153 30062 43320 55555 10156 
CGCB TELEOST
KKYY 30061 0950/ 747000 052321 88881 83099
20001 30835 43210 20016 30819 43210 20024 30786 43212 20028 30722 43221 
20031 30668 43227 20034 30549 43236 20035 30521 43237 20036 30394 43244 
20037 30326 43250 20039 30208 43256 20040 30166 43260 20042 30183 43265 
20043 30168 43268 20046 30162 43276 20049 30139 43278 20054 30087 43280 
20055 30057 43279 20062 30051 43285 20067 30033 43287 20068 30010 43287 
20073 30002 43290 20082 30012 43299 20107 30044 43314 20119 30056 43319 
55555 10124 
CGCB TELEOST
KKYY 30061 1203/ 747000 052033 88881 83099
20001 30853 43200 20015 30844 43200 20017 30819 43200 20018 30815 43200 
20019 30794 43200 20020 30752 43202 20021 30604 43213 20022 30561 43215 
20024 30479 43219 20025 30435 43222 20026 30413 43224 20027 30373 43226 
20029 30310 43230 20032 30243 43232 20035 30198 43233 20037 30177 43234 
20039 30119 43236 20040 30062 43241 20043 30044 43245 20044 30047 43246 
20045 30001 43246 20048 35030 43248 20049 35046 43252 20050 35071 43251 
20053 35110 43253 20063 35113 43258 20065 35110 43259 20066 35090 43261 
20074 35081 43265 20084 35066 43271 20094 35039 43282 20103 35005 43295 
20120 30019 43304 20136 30026 43306 55555 10138 
CGCB TELEOST
KKYY 30061 1504/ 747000 051485 88881 83099
20003 30927 43226 20008 30936 43226 20016 30917 43226 20021 30898 43225 
20022 30873 43224 20025 30774 43230 20027 30705 43239 20029 30647 43249 
20034 30600 43250 20037 30524 43256 20040 30483 43261 20043 30409 43265 
20044 30384 43266 20045 30427 43264 20046 30324 43272 20049 30274 43274 
20050 30268 43278 20051 30293 43270 20052 30202 43276 20057 30127 43282 
20064 30093 43292 20079 30074 43298 20097 30061 43309 55555 10100 
CGCB TELEOST
