KKYY 01071 2047/ 747000 047016 88881 83099
20001 30853 43299 20011 30840 43304 20020 30798 43306 20022 30752 43304 
20027 30682 43307 20030 30643 43311 20032 30591 43314 20033 30534 43318 
20035 30512 43328 20039 30483 43341 20041 30490 43351 20051 30548 43379 
20054 30515 43384 20055 30462 43387 20059 30427 43388 20061 30391 43393 
20067 30280 43401 20069 30234 43403 20076 30213 43410 20090 30240 43420 
20091 30272 43426 20092 30314 43433 20096 30296 43437 20126 30290 43445 
20171 30324 43459 20373 30359 43476 20780 30372 43485 21146 30341 43487 
55555 11099 
CGCB TELEOST
KKYY 01071 2359/ 747000 046833 88881 83099
20001 30860 43339 20002 30870 43336 20005 30865 43338 20007 30858 43340 
20010 30830 43341 20013 30819 43345 20016 30805 43349 20017 30779 43349 
20019 30699 43353 20021 30650 43361 20022 30629 43362 20023 30638 43369 
20024 30588 43367 20025 30561 43367 20028 30565 43375 20036 30492 43385 
20043 30424 43393 20048 30383 43395 20049 30360 43399 20055 30306 43400 
20060 30266 43409 20074 30241 43425 20093 30282 43441 20131 30337 43459 
20146 30350 43464 20456 30378 43482 20517 30368 43482 20556 30367 43482 
20819 30367 43486 21187 30340 43487 55555 11172 
CGCB TELEOST
KKYY 02071 0320/ 747000 046670 88881 83099
20001 30937 43369 20013 30906 43370 20017 30851 43370 20018 30860 43369 
20022 30777 43372 20025 30765 43381 20026 30757 43384 20028 30737 43387 
20029 30705 43390 20032 30654 43392 20034 30627 43396 20039 30603 43401 
20046 30590 43405 20049 30549 43402 20052 30532 43403 20054 30509 43404 
20057 30484 43404 20060 30481 43408 20061 30456 43405 20062 30417 43406 
20064 30406 43409 20065 30425 43412 20067 30371 43414 20068 30417 43426 
20077 30380 43445 20088 30390 43454 20102 30427 43464 20111 30406 43462 
20112 30378 43459 20124 30419 43469 20136 30425 43472 20143 30418 43472 
20150 30410 43472 20213 30408 43480 20310 30395 43483 20412 30393 43485 
20704 30356 43487 20956 30348 43487 55555 10917 
CGCB TELEOST
KKYY 02071 0459/ 747000 046483 88881 83099
20001 30964 43380 20005 30973 43380 20010 30962 43379 20011 30948 43380 
20012 30934 43380 20013 30964 43380 20014 30933 43381 20015 30854 43381 
20021 30772 43381 20025 30698 43384 20031 30657 43387 20032 30623 43392 
20044 30600 43399 20058 30557 43404 20059 30527 43408 20070 30481 43417 
20076 30429 43430 20080 30442 43449 20109 30428 43460 20114 30431 43465 
20117 30457 43471 20131 30469 43475 20136 30440 43472 20149 30411 43471 
20174 30412 43475 20178 30419 43477 20180 30468 43485 20187 30470 43486 
20192 30441 43482 20212 30441 43485 20246 30431 43486 20296 30383 43486 
20346 30373 43485 55555 10345 
CGCB TELEOST
KKYY 02071 0802/ 747000 046016 88881 83099
20001 30940 43376 20025 30908 43378 20028 30882 43379 20031 30825 43382 
20033 30801 43383 20034 30775 43385 20037 30748 43389 20038 30708 43393 
20046 30653 43392 20049 30636 43396 20056 30614 43399 20059 30586 43403 
20073 30510 43418 20079 30500 43420 20087 30469 43427 20092 30480 43441 
20108 30428 43453 20111 30380 43449 20120 30420 43458 20128 30381 43455 
20163 30401 43468 20214 30412 43481 20302 30400 43484 55555 10301 
CGCB TELEOST
KKYY 02071 1014/ 747000 045729 88881 83099
20001 30979 43383 20020 30941 43383 20024 30912 43382 20026 30840 43384 
20034 30807 43386 20039 30776 43387 20041 30736 43391 20047 30678 43387 
20054 30653 43394 20057 30617 43398 20060 30605 43406 20073 30536 43417 
20084 30467 43428 20099 30394 43442 20114 30388 43453 20132 30409 43463 
20176 30425 43479 20240 30393 43483 20275 30393 43483 55555 10276 
CGCB TELEOST
