KKYY 15071 0931/ 750226 056453 88881 83099
20001 30888 43012 20014 30897 43041 20015 30870 43046 20018 30843 43045 
20020 30719 43062 20027 30664 43087 20033 30647 43093 20035 30601 43101 
20036 30552 43109 20040 30514 43114 20043 30461 43122 20047 30421 43126 
20048 30355 43135 20052 30283 43148 20053 30230 43156 20054 30173 43170 
20056 30146 43177 20066 30073 43197 20080 30012 43214 20086 35032 43222 
20089 35051 43224 20096 35096 43233 20103 35096 43238 20110 35120 43242 
20134 35119 43260 20191 35071 43295 20198 35044 43306 20203 35025 43315 
20205 30018 43325 20208 30048 43334 20217 30096 43356 20225 30123 43368 
20247 30148 43385 20298 30166 43395 55555 10294 
CGCB TELEOST
KKYY 15071 1122/ 750300 056181 88881 83099
20001 30875 42980 20010 30874 42998 20011 30926 43057 20014 30913 43079 
20016 30864 43085 20018 30806 43086 20020 30783 43090 20022 30733 43092 
20023 30700 43091 20024 30652 43090 20025 30616 43093 20028 30566 43105 
20029 30516 43114 20033 30485 43125 20037 30407 43139 20038 30366 43146 
20039 30341 43147 20040 30276 43149 20041 30237 43154 20043 30196 43161 
20048 30160 43175 20050 30173 43184 20054 30134 43189 20055 30101 43192 
20060 30090 43200 20065 30056 43208 20074 30006 43216 20087 35075 43229 
20092 35079 43231 20103 35117 43244 20136 35115 43262 20163 35059 43292 
20173 35034 43307 20180 35020 43315 20183 30018 43324 20194 30059 43335 
20210 30109 43359 20248 30147 43383 20307 30165 43394 20330 30173 43399 
55555 10331 
CGCB TELEOST
KKYY 15071 1507/ 750450 055616 88881 83099
20001 30945 43107 20005 30916 43107 20008 30886 43114 20010 30882 43116 
20011 30823 43133 20017 30768 43137 20019 30737 43137 20021 30639 43137 
20023 30442 43148 20024 30356 43149 20025 30261 43160 20026 30242 43165 
20028 30184 43173 20031 30137 43179 20033 30123 43186 20038 30077 43195 
20050 35024 43212 20058 35075 43218 20065 35120 43229 20079 35124 43240 
20127 35121 43266 20195 30009 43339 20213 30069 43363 20220 30106 43374 
20229 30107 43375 55555 10233 
CGCB TELEOST
KKYY 15071 2037/ 750666 055000 88881 83099
20001 30945 42996 20008 30945 42995 20011 30885 43015 20013 30802 43027 
20015 30769 43034 20017 30783 43051 20018 30712 43050 20019 30582 43070 
20020 30370 43127 20021 30274 43160 20026 30158 43194 20028 30133 43201 
20034 30042 43211 20040 30041 43217 20041 35002 43219 20044 35030 43221 
20048 35091 43227 20065 35123 43246 20154 35056 43310 20161 35046 43316 
55555 10162 
CGCB TELEOST
KKYY 15071 2359/ 750800 054500 88881 83099
20001 30829 43154 20016 30816 43155 20018 30778 43152 20019 30734 43152 
20022 30690 43156 20023 30645 43163 20024 30611 43166 20025 30475 43185 
20026 30335 43196 20027 30278 43203 20028 30252 43206 20031 30180 43209 
20032 30151 43212 20033 30132 43215 20034 30098 43215 20039 35030 43219 
20045 35068 43226 20058 35131 43242 20087 35117 43267 20115 35068 43306 
20146 35012 43336 20198 30120 43387 20219 30136 43392 55555 10218 
CGCB TELEOST
KKYY 16071 0122/ 750851 054329 88881 83099
20001 30905 43108 20008 30896 43126 20010 30807 43154 20014 30722 43155 
20019 30639 43164 20020 30529 43177 20021 30445 43184 20023 30343 43191 
20024 30272 43199 20027 30215 43204 20029 30194 43208 20031 30192 43213 
20033 30162 43214 20035 30091 43214 20037 30073 43219 20039 35002 43222 
20040 35029 43224 20041 35016 43228 20043 35076 43230 20044 35101 43231 
20049 35121 43240 20052 35094 43245 20058 35114 43249 20060 35101 43252 
20066 35122 43256 20070 35112 43262 20090 35102 43279 20094 35096 43283 
20121 35058 43312 20171 30040 43357 20193 30094 43377 20227 30148 43397 
20236 30167 43403 20242 30168 43402 55555 10243 
CGCB TELEOST
KKYY 16071 0326/ 750945 054000 88881 83099
20001 30754 43146 20011 30740 43146 20012 30712 43143 20014 30652 43143 
20016 30633 43144 20018 30614 43147 20022 30587 43151 20024 30559 43153 
20027 30493 43162 20028 30468 43163 20029 30389 43172 20031 30315 43190 
20033 30237 43196 20034 30181 43204 20036 30130 43207 20037 30089 43212 
20039 30050 43215 20041 35022 43220 20048 35105 43235 20052 35105 43241 
20070 35117 43256 20126 35064 43310 20150 30004 43342 20163 30052 43362 
20191 30111 43384 20210 30112 43384 55555 10210 
CGCB TELEOST
KKYY 16071 0640/ 751083 053500 88881 83099
20001 30822 43140 20012 30810 43141 20015 30660 43147 20018 30629 43153 
20020 30546 43163 20021 30472 43171 20022 30391 43178 20024 30197 43203 
20026 30162 43207 20027 30184 43213 20031 30120 43219 20040 35029 43236 
20056 35118 43254 20112 35060 43314 20120 35029 43328 20133 30006 43343 
20184 30114 43384 20220 30150 43399 20248 30212 43420 20270 30253 43432 
20273 30253 43433 55555 10277 
CGCB TELEOST
KKYY 16071 0915/ 751225 053000 88881 83099
20001 30775 43218 20018 30762 43218 20021 30722 43216 20024 30677 43219 
20026 30634 43222 20027 30345 43249 20028 30275 43255 20030 30225 43261 
20033 30199 43267 20034 30184 43273 20037 30117 43284 20043 30077 43299 
20045 30054 43307 20052 30044 43327 20057 30075 43340 20059 30057 43341 
20062 30030 43345 20071 30093 43361 20074 30100 43365 20076 30082 43365 
20085 30081 43370 20087 30066 43371 20100 30111 43384 20104 30135 43388 
20115 30148 43396 20144 30223 43422 20157 30244 43429 20184 30283 43440 
20249 30329 43457 20409 30354 43472 55555 10410 
CGCB TELEOST
KKYY 16071 1141/ 751298 052723 88881 83099
20001 30779 43212 20014 30766 43213 20015 30731 43214 20018 30688 43212 
20019 30617 43218 20020 30430 43235 20022 30347 43243 20026 30240 43258 
20031 30150 43271 20037 30105 43289 20038 30086 43297 20039 30041 43297 
20040 35069 43295 20043 35068 43298 20053 35053 43316 20058 35032 43327 
20061 35014 43331 20065 30004 43338 20070 30022 43344 20113 30138 43393 
20115 30152 43396 20117 30149 43397 20132 30185 43408 20135 30217 43413 
20141 30211 43414 20162 30248 43426 20222 30292 43442 20281 30331 43458 
20456 30357 43474 55555 10455 
CGCB TELEOST
KKYY 16071 1319/ 751366 052483 88881 83099
20002 30741 43220 20017 30704 43218 20018 30678 43217 20019 30538 43220 
20020 30319 43245 20022 30283 43258 20027 30150 43275 20029 30095 43281 
20035 35017 43291 20041 35028 43301 20044 35047 43304 20047 35064 43306 
20055 35031 43315 20056 35016 43318 20061 35022 43326 20067 35005 43333 
20087 30055 43361 20092 30092 43369 20096 30115 43375 20099 30128 43380 
20103 30153 43385 20105 30143 43385 20112 30159 43392 20117 30179 43398 
20157 30223 43419 20178 30255 43428 20186 30253 43430 20275 30330 43458 
20427 30357 43474 55555 10428 
CGCB TELEOST
