KKYY 16071 1554/ 751500 052000 88881 83099
20001 30811 43201 20012 30766 43202 20017 30681 43210 20019 30641 43217 
20021 30452 43233 20023 30400 43241 20026 30290 43252 20028 30186 43255 
20029 30100 43250 20032 35076 43254 20037 35095 43263 20038 35072 43271 
20039 30029 43277 20041 30087 43289 20043 30085 43291 20052 35007 43309 
20054 35027 43314 20057 35035 43322 20076 30021 43346 20086 30071 43364 
20106 30125 43386 20139 30204 43414 20260 30337 43462 20417 30361 43475 
55555 10418 
CGCB TELEOST
KKYY 16071 1934/ 751646 051500 88881 83099
20001 30815 43236 20009 30802 43235 20015 30762 43238 20017 30681 43240 
20018 30633 43247 20019 30523 43268 20020 30518 43270 20022 30411 43306 
20023 30394 43318 20025 30406 43321 20026 30417 43326 20029 30392 43329 
20030 30303 43326 20032 30256 43325 20033 30276 43333 20034 30245 43333 
20037 30118 43327 20040 30088 43326 20041 30050 43328 20043 30069 43335 
20044 30019 43335 20051 30037 43350 20053 30053 43355 20060 30064 43361 
20065 30069 43367 20070 30126 43379 20076 30149 43386 20104 30186 43410 
20177 30305 43448 20317 30362 43472 20420 30363 43475 55555 10418 
CGCB TELEOST
KKYY 16071 2219/ 751788 050991 88881 83099
20002 30732 43224 20010 30714 43227 20011 30659 43240 20013 30575 43250 
20015 30517 43257 20017 30427 43261 20019 30361 43261 20020 30314 43266 
20022 30230 43274 20024 30216 43292 20025 30176 43299 20031 30072 43315 
20048 30029 43335 20058 30056 43356 20062 30095 43363 20075 30139 43385 
20098 30229 43416 20115 30275 43431 20141 30299 43444 20307 30360 43475 
55555 10311 
CGCB TELEOST
KKYY 17071 0048/ 751866 050706 88881 83099
20001 30766 43353 20007 30757 43366 20009 30721 43375 20010 30716 43377 
20011 30685 43380 20012 30600 43379 20013 30507 43387 20014 30381 43379 
20015 30327 43381 20016 30299 43378 20017 30265 43378 20018 30239 43375 
20021 30137 43372 20023 30119 43373 20024 30097 43374 20026 30089 43376 
20028 30127 43385 20048 30192 43409 20054 30215 43416 20058 30226 43418 
20061 30252 43424 20076 30297 43438 20084 30327 43446 20090 30330 43449 
20130 30357 43459 20149 30349 43459 20169 30361 43462 20233 30363 43465 
20246 30361 43466 20251 30382 43469 20289 30393 43474 20334 30384 43476 
20382 30373 43476 55555 10378 
CGCB TELEOST
KKYY 17071 0154/ 751895 050600 88881 83099
20002 30812 43400 20008 30796 43402 20011 30763 43400 20013 30714 43402 
20015 30686 43402 20018 30630 43403 20020 30580 43407 20023 30516 43413 
20025 30492 43416 20027 30466 43419 20029 30425 43423 20035 30358 43431 
20047 30335 43440 20061 30345 43448 20067 30364 43452 20103 30388 43464 
20144 30414 43474 20158 30394 43472 20205 30405 43478 20228 30403 43479 
20316 30383 43478 20736 30371 43481 55555 10753 
CGCB TELEOST
KKYY 17071 0434/ 751933 050466 88881 83099
20001 30832 43405 20018 30827 43405 20019 30818 43404 20022 30796 43404 
20023 30785 43404 20026 30773 43403 20027 30766 43403 20029 30726 43407 
20030 30692 43413 20034 30666 43419 20039 30650 43422 20041 30618 43424 
20043 30610 43424 20045 30548 43429 20046 30530 43430 20047 30506 43432 
20048 30483 43434 20051 30444 43442 20061 30410 43458 20071 30393 43463 
20115 30399 43474 20131 30410 43477 20146 30408 43477 20180 30390 43478 
20194 30392 43479 20211 30390 43480 20268 30386 43481 20295 30374 43480 
20315 30368 43480 20567 30364 43483 21200 30355 43487 55555 11502 
CGCB TELEOST
KKYY 17071 0631/ 751993 050250 88881 83099
20001 30862 43389 20016 30853 43389 20021 30821 43391 20022 30778 43397 
20028 30728 43404 20030 30693 43405 20031 30651 43408 20032 30555 43413 
20033 30506 43415 20034 30500 43414 20035 30469 43415 20040 30433 43423 
20041 30432 43422 20042 30401 43428 20052 30364 43442 20071 30359 43458 
21112 30343 43487 21199 30340 43486 55555 12185 
CGCB TELEOST
