KKYY 11071 1200/ 755576 057675 88881 83099
20001 30525 43195 20006 30521 43195 20008 30509 43198 20011 30516 43196 
20012 30472 43202 20017 30436 43199 20018 30368 43196 20019 30342 43194 
20020 30238 43187 20022 30125 43192 20023 30115 43196 20024 30052 43196 
20025 30004 43201 20026 30017 43206 20028 30040 43216 20029 30053 43218 
20030 35010 43220 20034 35010 43228 20035 35014 43230 20039 35058 43233 
20048 35049 43248 20079 35054 43273 20142 35025 43309 20151 35022 43313 
55555 10154 
CGCB TELEOST
KKYY 11071 1339/ 755478 057906 88881 83099
20000 30459 43211 20001 30452 43211 20002 30450 43211 20003 30424 43213 
20004 30444 43212 20005 30432 43213 20006 30442 43213 20007 30418 43215 
20018 30360 43217 20022 30353 43217 20023 30320 43218 20024 30273 43221 
20025 30177 43227 20026 30057 43242 20029 30038 43245 20032 30026 43248 
20035 30010 43251 20037 35019 43255 20042 35038 43260 20068 35048 43275 
20074 35047 43280 20096 35033 43296 20115 35019 43311 20119 35019 43312 
55555 10124 
CGCB TELEOST
KKYY 11071 1542/ 755371 058144 88881 83099
20001 30530 43181 20003 30538 43179 20009 30492 43191 20011 30479 43200 
20012 30424 43197 20013 30389 43196 20016 30406 43203 20017 30398 43203 
20020 30384 43207 20022 30389 43209 20024 30373 43209 20025 30354 43211 
20026 30223 43209 20027 30210 43215 20028 30229 43219 20029 30167 43222 
20030 30075 43227 20032 30045 43231 20035 35039 43237 20036 35048 43239 
20038 35010 43246 20043 35045 43251 20047 35044 43258 20097 35051 43278 
20169 35024 43309 20204 35010 43320 55555 10200 
CGCB TELEOST
KKYY 11071 1719/ 755313 058286 88881 83099
20001 30524 43208 20002 30516 43210 20004 30540 43207 20005 30553 43204 
20007 30558 43202 20008 30513 43209 20019 30458 43211 20023 30438 43211 
20027 30392 43213 20028 30373 43213 20029 30295 43212 20030 30189 43219 
20031 30095 43224 20032 30035 43227 20033 30021 43226 20034 35003 43228 
20040 35041 43231 20045 35080 43235 20051 35090 43241 20064 35064 43252 
20071 35043 43256 20117 35044 43283 20201 30003 43333 20218 30034 43351 
20235 30102 43381 20260 30161 43404 20270 30197 43415 20288 30225 43425 
20296 30264 43438 55555 10295 
CGCB TELEOST
KKYY 11071 1910/ 755250 058436 88881 83099
20002 30490 43170 20005 30481 43168 20006 30480 43169 20007 30496 43169 
20008 30486 43171 20009 30523 43169 20010 30510 43170 20013 30419 43170 
20014 30361 43172 20026 30295 43186 20031 30249 43189 20034 30177 43191 
20037 30124 43191 20038 30073 43193 20063 35017 43221 20064 35020 43226 
20070 35065 43230 20212 35009 43326 20216 30025 43345 20236 30076 43370 
20270 30173 43406 20283 30207 43418 55555 10275 
CGCB TELEOST
KKYY 11071 2039/ 755216 058513 88881 83099
20001 30507 43137 20003 30496 43139 20004 30500 43138 20005 30467 43139 
20008 30360 43145 20011 30323 43150 20013 30276 43152 20014 30236 43152 
20015 30211 43152 20017 30192 43151 20018 30072 43152 20019 30175 43167 
20022 30143 43169 20023 30068 43166 20025 30063 43165 20032 30021 43172 
20040 30037 43179 20041 30023 43177 20048 30039 43187 20050 30053 43193 
20068 30008 43201 20071 35017 43207 20089 35047 43228 20096 35048 43229 
55555 10096 
CGCB TELEOST
JJVV 11071 2339/ 755042 057821 88888 03206
00053 03051 05055 06057 08048 10055 11044 12033 13037 14040 17043 21037 
22039 26034 30026 31021 36016 40009 44007 49003 53003 55004 60501 75502 
99901 03507 98505 66666 10199 
CGCB TELEOST
JJVV 12071 0127/ 754909 057305 88888 06106
00061 06056 08053 09047 10046 11046 12043 15041 17041 18033 20034 22033 
24026 27019 28016 31009 33007 35007 37001 40500 43502 62505 72507 75508 
87507 94509 99901 07509 19508 27505 37503 43502 66666 10144 
CGCB TELEOST
JJVV 12071 0323/ 754744 056761 88888 06106
00070 03068 05067 07065 08066 10063 11062 13054 15047 16044 17041 18033 
20027 22027 23026 25021 27020 28018 30017 31010 32006 36002 37000 40500 
47500 52502 53503 55505 66507 75508 99901 12507 31505 40504 48503 66666 
10149 
CGCB TELEOST
JJVV 12071 0526/ 754438 056407 88888 06106
00054 03050 05047 07049 09049 10047 11040 12033 13028 15023 16021 17022 
19022 22019 26014 27008 28005 31003 32001 33500 35501 48503 52505 67507 
74507 96506 99901 16505 23506 39505 40504 66666 10141 
CGCB TELEOST
JJVV 12071 0720/ 754158 056088 88888 03206
00067 05065 06059 07060 09054 13051 16037 19027 20023 21006 22001 29501 
35000 38502 48501 63502 72503 99901 52505 99902 30500 39001 64005 81007 
99011 66666 10307 
CGCB TELEOST
JJVV 12071 0944/ 753799 055745 88888 03206
00062 04060 05057 06055 11046 14044 16038 17035 18028 20018 21014 22011 
25006 27001 30002 33000 41501 43501 46503 50503 56504 73504 78504 99505 
99901 41505 66666 10142 
CGCB TELEOST
KKYY 12071 1307/ 753449 055299 88881 83099
20001 30664 43043 20005 30653 43043 20006 30598 43063 20007 30544 43096 
20012 30541 43148 20013 30534 43166 20015 30503 43174 20024 30456 43180 
20025 30445 43184 20027 30348 43191 20028 30177 43209 20029 30130 43210 
20030 30107 43218 20031 30085 43219 20032 30051 43223 20033 30032 43225 
20034 30017 43226 20036 35021 43229 20039 30017 43235 20041 30009 43240 
20044 35029 43245 20050 35049 43259 20120 35058 43286 20127 35050 43296 
20155 30002 43337 20171 30037 43354 55555 10180 
CGCB TELEOST
