KKYY 30061 1752/ 747000 051000 88881 83099
20002 30899 43231 20008 30912 43231 20011 30900 43231 20014 30882 43231 
20022 30867 43230 20026 30789 43233 20027 30739 43239 20028 30711 43241 
20029 30691 43244 20030 30654 43249 20031 30582 43254 20034 30538 43255 
20035 30500 43257 20038 30422 43260 20039 30373 43263 20042 30332 43267 
20044 30243 43272 20046 30210 43279 20048 30169 43284 20053 30144 43287 
20054 30106 43287 20057 30065 43289 20092 30057 43307 20104 30066 43317 
55555 10104 
CGCB TELEOST
KKYY 30061 2010/ 747000 050666 88881 83099
20001 30937 43241 20008 30941 43241 20011 30922 43243 20012 30901 43245 
20021 30890 43246 20022 30866 43246 20023 30787 43255 20024 30738 43258 
20025 30720 43261 20027 30682 43264 20028 30647 43263 20029 30630 43263 
20032 30628 43267 20033 30611 43269 20035 30596 43269 20037 30550 43271 
20039 30539 43272 20040 30520 43273 20041 30494 43273 20043 30435 43276 
20044 30419 43274 20045 30337 43278 20048 30306 43279 20050 30274 43281 
20051 30268 43281 20053 30221 43287 20056 30165 43288 20061 30121 43292 
20066 30106 43295 20068 30085 43297 20071 30074 43300 20086 30070 43314 
20171 30085 43333 55555 10173 
CGCB TELEOST
KKYY 30061 2312/ 747000 050000 88881 83099
20001 30881 43256 20008 30888 43256 20009 30881 43256 20010 30871 43256 
20022 30839 43257 20023 30781 43258 20024 30727 43261 20025 30711 43263 
20026 30681 43263 20028 30660 43263 20034 30638 43265 20043 30606 43266 
20045 30565 43269 20047 30538 43271 20048 30517 43272 20049 30482 43273 
20050 30332 43280 20053 30247 43286 20055 30190 43291 20056 30156 43298 
20059 30136 43301 20061 30109 43307 20082 30106 43308 55555 10082 
CGCB TELEOST
KKYY 01071 0333/ 747000 049116 88881 83099
20001 30844 43249 20007 30867 43249 20009 30879 43249 20012 30874 43249 
20018 30818 43249 20020 30736 43254 20021 30686 43256 20024 30652 43260 
20026 30602 43257 20027 30570 43255 20029 30587 43260 20034 30561 43259 
20036 30538 43257 20040 30532 43261 20042 30499 43267 20044 30398 43276 
20046 30295 43287 20050 30200 43297 20051 30159 43303 20054 30112 43311 
20078 30099 43314 55555 10082 
CGCB TELEOST
KKYY 01071 0621/ 747000 048616 88881 83099
20001 30836 43243 20009 30827 43243 20023 30773 43243 20026 30705 43243 
20028 30639 43243 20031 30553 43244 20041 30489 43255 20042 30375 43253 
20044 30331 43257 20051 30140 43277 20052 30118 43278 20053 30117 43276 
20054 30100 43283 20061 30061 43286 20065 30034 43290 20072 30031 43296 
20083 30022 43310 20091 30042 43322 20100 30043 43321 55555 10103 
CGCB TELEOST
KKYY 01071 0844/ 747000 048116 88881 83099
20001 30705 43216 20005 30693 43216 20011 30666 43215 20012 30632 43216 
20013 30599 43217 20014 30542 43217 20015 30474 43218 20016 30319 43222 
20017 30244 43224 20018 30223 43225 20022 30211 43227 20026 30126 43232 
20027 30082 43234 20028 30017 43235 20029 35036 43235 20034 35077 43239 
20039 35106 43243 20054 35151 43251 20068 35147 43258 20073 35110 43267 
20082 35093 43275 20091 35077 43289 20100 35041 43301 20105 30007 43311 
20111 30032 43318 20112 30034 43322 20114 30072 43332 20131 30079 43335 
55555 10134 
CGCB TELEOST
KKYY 01071 1110/ 747000 047816 88881 83099
20001 30789 43210 20008 30786 43210 20015 30712 43214 20017 30633 43217 
20021 30545 43220 20027 30531 43221 20028 30489 43223 20029 30429 43232 
20035 30386 43235 20037 30327 43240 20038 30305 43241 20040 30213 43238 
20043 30055 43238 20045 30005 43242 20046 30026 43244 20047 35027 43244 
20049 35114 43246 20053 35094 43249 20058 35130 43252 20076 35133 43261 
20080 35072 43269 20083 35051 43270 20093 35043 43278 20098 35060 43280 
20132 30005 43320 20154 30072 43345 20160 30073 43345 55555 10164 
CGCB TELEOST
KKYY 01071 1323/ 747000 047500 88881 83099
20001 30803 43221 20007 30809 43219 20008 30825 43217 20009 30819 43217 
20010 30799 43218 20012 30800 43222 20017 30794 43226 20018 30732 43221 
20019 30581 43223 20021 30406 43245 20024 30406 43250 20030 30383 43259 
20033 30335 43259 20035 30268 43259 20036 30244 43260 20037 30143 43261 
20039 30067 43262 20040 30012 43263 20042 30005 43265 20043 35022 43265 
20045 35055 43267 20056 35057 43282 20063 35057 43299 20086 30034 43336 
20097 30083 43351 20105 30101 43358 20122 30160 43385 20142 30192 43400 
20150 30184 43404 20173 30240 43422 20211 30252 43430 55555 10214 
CGCB TELEOST
KKYY 01071 1523/ 747000 047250 88881 83099
20001 30790 43253 20004 30809 43250 20006 30821 43248 20011 30786 43255 
20016 30735 43256 20017 30671 43257 20018 30661 43255 20019 30490 43262 
20020 30438 43265 20022 30381 43270 20029 30360 43287 20032 30332 43295 
20038 30287 43310 20042 30220 43316 20044 30182 43321 20045 30102 43323 
20048 30097 43327 20049 30108 43332 20055 30095 43342 20059 30067 43347 
20068 30089 43363 20070 30112 43371 20074 30136 43383 20097 30201 43407 
20126 30234 43422 20245 30321 43457 20396 30358 43473 20568 30366 43477 
55555 10552 
CGCB TELEOST
KKYY 01071 1734/ 747000 047168 88881 83099
20002 30832 43262 20007 30803 43262 20016 30726 43259 20017 30651 43259 
20018 30602 43261 20019 30543 43263 20020 30452 43272 20023 30444 43282 
20024 30486 43298 20025 30457 43299 20026 30448 43301 20028 30438 43309 
20032 30417 43315 20034 30395 43319 20036 30357 43319 20038 30340 43325 
20040 30338 43333 20042 30267 43338 20044 30238 43341 20045 30201 43342 
20049 30165 43350 20050 30231 43361 20053 30196 43363 20055 30138 43363 
20056 30188 43370 20061 30170 43377 20072 30181 43392 20104 30213 43414 
20161 30275 43440 20237 30330 43461 20456 30367 43476 20865 30373 43485 
55555 10857 
CGCB TELEOST
