39210001 8 00 10 02 1019.3 012.0 011.0 02 01 00 01 02                          8
39210002 8 02 17 02 1020.3 011.0 010.0 02 01 02 01 01                          8
39210003 6 00 15 97 1019.0 010.0 009.5 00 01 00 00 01                          8
39210004 8 22 20 97 1018.0 012.0 011.0 00 01 00 00 01                          8
39210005 8 04 20 97 1019.0 011.4       01 01 00                                8
39210006 9 04 20 02 1020.5 011.5 010.5 03 02 04 02 02                          8
39210007 9 05 21 60 1020.8 011.0 010.0 04 03 04 03 03                          8
39210008 8 09 20 95 1019.0 010.5 010.0 05 03 05 05 04                          8
39210009 9 06 17 60 1019.5 010.6 009.6 02 02 05 02 02                          8
39210010 9 07 28 62 1020.0 010.5 009.5 02 05 05 07 05                          8
39210011 9 07 20 62 1018.3 010.6 009.5 05 03 07 05 04                          8
39210012   06 27 50 1017.5 010.7 009.7                                         8
39210013 9 08 22 02 1017.5 011.1 010.1 01 03 08 01 03                          8
39210014 9 09 25 02                    05 04 09 04 03                          8
39210015 8 09 21 96 1019.0 011.2 010.5 06 05 05 06                             8
39210016 9 09 16 52 1018.5 011.1 010.0 03 04 06 03 04                          8
39210017 9 09 21 50 1020.3 011.8 010.7 03 02 09 02 03                          8
39210018 8 09 16 95 1018.5 011.5 011.0 03 02 09 05 03                          8
39210019 7 09 13 95 1017.5 011.4 011.6 05 02 05 06 03                          8
39210020 8 13 07 50 1018.0 012.5 011.5 04 03    04 03                          8
39210021 8 08 11 50 1018.0 012.3 011.3    01       01                          8
39210022 9 10 15 50 1017.3 012.3 011.1 03 02 09 03 03                          8
39210023 8 10 22 95 1014.0 013.0 012.5 02 03 09 02 03                          8
39210024 9 14 23 50 1014.1 015.0 013.0 01 02    01 02                          8
39210025 9 14 30 50 1012.3 010.4 009.3 03 02 14 02 02                          8
39210026 9 15 25 46 1012.4 015.0 014.0 03 02 15 02 03                          8
39210027 9 15 18 50 1011.5 015.0 014.0 03 02 15 02 03                          8
39210028 9 15 16 50 1011.5 014.0 013.0 03 02 16 02 03                          8
39210029 9 18 18 50 1010.0 015.0 014.0 03 02 18 02 03                          8
39210030 9 21 21 60 1011.2 015.2 014.0 03 02 18 02 03                          8
39210031 9 14 23 50 1011.0 015.5 014.0 03 02    04 02                          8
39210032 9 14 20 62 1011.3 015.8 014.6 03 02 14 03 01                          8
39210033 8 17 25 23 1010.0 016.0 015.0 00 04    04 04                          8
39210034 9 18 25 63 1010.0 015.0 014.0 04 03 18 03 04                          8
39210035 5 13 12 44 1010.0 014.5 014.0 01 02 16 03 02                          8
39210036 9 23 11 47 1011.3 011.8 010.6 02 02 23 02 01                          8
39210037 8 23 16 02 1010.5 011.6 010.5 02 02 23 02 01                          8
39210038 2 22 17 02 1010.0 010.5 009.5    03       03                          8
39210039 5 21 18 02 1012.5 011.9 010.8 03 02 21 02 02                          8
39210040 8 21 18 02 1010.3 011.7 010.5 03 02 21 02 02                          8
39210041 8 21 20 02 1009.4 011.4 010.2 02 03 21 03 02                          8
39210042 7 21 20 02 1008.0 012.0 011.0 02 03 23 03 04                          8
39210043 9 20 20 02 1011.0 011.4 010.3 04 03 20 03 02                          8
39210044 8 23 20 02 1007.0 011.0 010.0 02 03 23 04 03                          8
39210045 8 24 14 02 1007.0 010.7 009.6 02 03 24 03 02                          8
39210046 6 27 10 02 1009.0 010.8 010.0    01       01                          8
39210047 5 27 10 02 1010.0 011.7 010.5 02 02 27 02 01                          8
39210048 2 24 10 02 1009.5 011.7 010.5 00 01 24 05 02                          8
39210049 1 24 13 02 1010.0 011.9 000.1 00 01 24 03 01                          8
39210050 4 20 14 02 1010.3 013.3 012.0 02 01 20 01 01                          8
39210051 9 20 18 61 1007.5 013.2 012.8 01 02 20 02 03                          8
39210052 9 20 20 61 1006.0 013.6 012.8 02 03 20 02 03                          8
39210053 9 25 18 47 1005.5 016.0 014.5    02    02                             8
39210054 9 21 20 21 1006.3 014.0 013.0 03 02 20 02 02                          8
39210055 9 20 25 46 1004.0 014.2 013.1 03 02 20 02 02                          8
39210056 9 21 27 45 1002.0 014.1 013.3 02 03 22 03 04                          8
39210057 1 25 24 02 1001.5 013.7 013.0 00 01 00 00 01                          8
39210058 4 18 21 02 1002.0 019.8 018.3 02 03 18 03 04                          8
39210059 6 28 13 02 1009.0 019.8 018.8    01 28    01                          8
39210060 3 22 07 02 1000.0 020.3 019.3 01 01 22 00 00                          8
39210061 1 32 20 02 1010.0 020.0 019.0 00 01 00 00 01                          8
39210062 0 28 07 02 1011.0 020.0 019.0 00 01 32 03 01                          8
39210063 2 28 12 02 1011.3 017.4 016.3 02 02 28 02 01 0 0 0 0                  8
39210064 3 27 18 02 1011.0 016.8 015.7 02 02 27 02 01                          8
39210065 2 23 18 02 1010.0 015.1 014.8    02 23    02                          8
39210066 2 25 16 02 1010.0 013.5 012.8    03 25    03                          8
39210067 2 25 15 02 1012.0 012.8 012.0    01       01                          8
39210068 2 27 14 02 1012.0 012.7 012.0    01       01                          8
39210069 7 24 15 03 1013.0 014.6 013.8 01 20 24 02 03                          8
39210070 9 18 10 02 1013.0 013.6 013.0    01       01                          8
39210071 0 18 07 02 1015.0 015.5 014.5 00 01 00 00 01                          8
39210072 3 20 10 02 1015.3 013.1 012.0 01 01 20 01 00 0 0 0 0                  8
39210073 3 19 08 02 1015.3 012.5 011.3 01 01 20 01 01                          8
39210074 2 21 11 02 1014.0 011.7 011.2    02       02                          8
39210075 3 19 14 02 1014.0 012.2 011.0    01       01                          8
39210076 2 05 13 02 1014.0 012.4 011.0    01       01                          8
39210077 4 05 10 02 1013.0 012.3 012.0    01       01                          8
39210078 5 18 12 02 1011.5 013.5 012.8 03 02 18 05 03                          8
39210079 7 16 14 02 1010.0 013.6 012.8 04 02 16 03 02                          8
39210080 1 05 12 02 1012.0 013.2 013.0 03 01 16 03 01                          8
39210081 8 12 04 50 1010.0 013.1 012.6 00 01 12 05 02                          8
39210082 5 19 90 60 1010.2 013.2 011.2 02 01 19 01 01                          8
39210083 6 16 15 60 1010.2 012.3 011.2 02 02 19 02 01                          8
39210084 5 15 18 60 1010.2 012.8 011.7 02 02 15 02 01                          8
39210085 7 15 18 02 1008.0 012.1 011.7 02 02 15 04 03                          8
39210086 7 15 16 02 1008.5 011.1 010.7 04 02 15 04 03                          8
39210087 7 16 16 61 1008.0 012.5 011.7 02 03 16 04 03                          8
39210088 8 05 20 61 1008.0 012.5 011.5    02       02                          8
39210089 7 14 23 02 1009.0 011.2 010.0    02       02                          8
39210090 7 13 25 96 1009.2 010.2 009.1 04 03 13 03 03                          8
39210091 8 15 25 46 1010.0 009.9 008.7 04 03 15 03 03                          8
39210092 8 15 20 16 1009.0 009.0 008.4 04 03 15 03 03                          8
39210093 7 14 22 46 1008.5 009.0 008.3 04 03 14 04 03                          8
39210094 8 15 23 44 1010.0 010.0 009.0 04 03 14 04 03     8                    8
39210095 8 15 25 62 1006.5 010.6 009.7 03 05 15 04 05                          8
39210096 9 15 18 02 1006.5 009.6 009.0    02    02                             8
39210097 9 15 16 61 1005.7 009.3 008.3    02       02     1                    8
39210098 8 24 35 02 1004.0 008.4 007.8 04 03 24 04 03                          8
39210099 8 23 05 02 1003.3 009.2 008.1 01 01 20 01 01                          8
39210100 9 18 08 47 1003.5 008.5 007.6    01       01                          8
39210101 9 27 05 47 1003.2 007.8 006.7 01 01 27 01 01                          8
39210102 9 28 05 45 1003.5 007.2 006.5    01 28    01                          8
39210103 8 26 07 45 1003.8 006.8 006.0    01       01                          8
39210104 8 24 04 45 1004.7 006.6 005.6    01       01                          8
39210105 9 26 04 45 1005.0 006.5 005.3 01 01 26 01 00                          8
39210106 9 31 03 45 1005.2 006.6 005.4 01 01 31 01 01     4                    8
39210107 9 31 05 45 1004.5 007.4 006.6 00 01 31 00 02                          8
39210108 9 33 09 45 1004.0 007.7 006.5 00 02 33 00 02                          8
39210109 9 30 12 42 1004.0 007.6 006.8 02 02 30 02 02                          8
39210110 9 30 11 40 1006.0 007.1 006.1 00 01 00 01 00                          8
39210111 9 29 12 45 1007.0 007.1 006.0 00 01 00 00 01     7                    8
39210112 9 31 12 45 1008.3 007.3 006.2 01 01 30 01 01     5                    8
39210113 8 32 10 43 1006.5 007.7 006.8    02 32    02                          8
39210114 7 34 10 02 1006.5 007.8 006.8    02 34    02                          8
39210115 7 32 10 46 1007.0 007.5 006.5                    1                    8
39210116 9 32 12 02 1008.0 008.2 007.2                                         8
39210117 9 33 10 45 1009.2 008.3 007.2 01 01 30 01 01                          8
39210118 9 35 08 02 1010.3 008.9 007.7 01 35 02 01                             8
39210119 7 33 09 02 1009.5 009.9 009.1 00 01 33 00 01                          8
39210120 8 31 16 02 1010.0 010.9 009.6 03 02 31 03 02                          8
39210121 8 33 19 02 1010.0 011.0 010.7 00 01 00 00 01                          8
39210122 8 33 19 02 1010.0 011.3 010.7 00 01 00 00 01                          8
39210123 9 33 11 02 1013.2 010.3 009.2 02 02 33 02 01                          8
39210124 7 34 16 02 1014.3 010.7 009.8 02 02 30 02 01                          8
39210125 7 00 16 02 1013.0 010.5 009.7 02 03 16 02 03                          8
39210126 7 35 15 50 1013.5 010.5 009.7 02 03 35 02 03                          8
39210127 7 00 13 02 1014.0 010.8 010.0                                         8
39210128 7 05 07 02 1015.0 010.9 010.0    01       01                          8
39210129 8 08 02 02 1018.0 012.0 011.5 00 01 08 00 01                          8
39210130 1 00 02 02 1017.0 011.5 010.5 00 00 00 00 00                          8
39210131 8 10 07 02 1017.2 011.7 010.7 01 01 15 01 01                          8
39210132 8 12 07 02 1017.2 012.5 011.4 01 01 12 01 01                          8
39210133 8 18 11 02 1015.0 011.9 010.7    02 18    02                          8
39210134 8 15 09 02 1015.0 012.8 012.0             01                          8
39210135 8 16 15 02 1014.3 012.9 011.3 02 01 16 02 01                          8
39210136 9 16 25 42 1013.0 014.3 013.2 02 02 16 02 01                          8
39210137 9 09 08 46 1012.5 013.0 012.6 03 02 09 03 02                          8
39210138 7 12 23 02 1011.5 013.6 012.7 03 03 12 04 03                          8
39210139 9 13 12 02 1012.0 013.8 013.0 00 01 00 00 01                          8
39210140 8 13 12 02 1011.2 013.7 012.5 03 02 13 02 02                          8
39210141 8 13 06 02 1012.3 012.8 011.7 02 01 13 01 01                          8
39210142 8 12 08 02 1012.0 013.6 012.4 01 01 12 01 01                          8
39210143 8 06 02 53 1011.0 013.5 012.3    02 06    02                          8
39210144 8 33 07 45 1011.3 013.9 013.0                                         8
