20120001   29 10 02 1016.1 006.1             05    04                          8
20120002 2 23 06 02 1015.6 006.7       04 04                                   8
20120003 8 25 24 02 1015.7 008.2       03 02 25 05 03                          8
20120004 7 25 16 40 1016.5 007.9       02 03 09 02 03                          8
20120005 7 23 20 02 1015.5 008.9       04 01 09 04 02                          8
20120006 9 24 25 45 1012.9 008.1             23 03 04                          8
20120007 9 25 15 45 1013.4 008.4             24 04 04                          8
20120008 1 25 20 02 1012.5 010.5             24    04                          8
20120009 1 25 20 01 1011.8 009.6       03 02 25 03 02                          8
20120010 2 26 20 02 1011.6 009.8       03 02 26 03 02                          8
20120011 6 33 10 02 1012.4 010.1       02 01                                   8
20120012 9 16 35 02 1013.8 006.2             35 05 06                          8
20120013   22 45 02 1005.6 006.1       07 10 23 07 10                          8
20120014   18 40 62 1002.6 008.3       07 10 15 07 10                          8
20120015 3 24 16 01 1006.5 006.3       01 08 15 10 08                          8
20120016 3 24 18 02 1007.6 006.8       05 05 15 06 08                          8
20120017 3 25 20 02 1007.6 006.4             34 04 08                          8
20120018 5 27 15 03 1008.6 007.8             35 04 06                          8
20120019 6 25 10 03 1009.4 007.9             30 04 06                          8
20120020 3 18 10 02 1009.2 008.6             34 04 06                          8
20120021 1 16 10 01 1007.4 009.5             33 05 06                          8
20120022 7 15 12 62 1006.9 010.2       04 03 15 06 06                          8
20120023 7 15 12 62 1006.9 010.2       04 03 15 06 06                          8
20120024 4 25 12 01 1010.2 011.0       02 01 22 06 06                          8
20120025 5 29 10 03 1011.0 011.3             32 06 04                          8
20120026 8 30 05 03 1011.6 009.4             33 06 06                          8
20120027 9 06 10 63 1010.4 007.8             30 05 06                          8
20120028 9 03 20 63 1005.5                   23 04 06                          8
20120029 7 01 18 02 1005.5 006.3       03 02 30 06 04                          8
20120030 7 03 15 02 1005.7 006.9       04 02 30 06 06                          8
20120031 1 32 14 01 1014.7 007.3       04 03 36 06 05                          8
20120032 6 23 15 03 1021.2 009.0       04 02 15 06 06                          8
20120033 4 30 15 03 1025.8 008.8             14 05 06                          8
20120034 2 33 15 02 1033.5 008.2             14 04 06                          8
20120035 1 30 10 02 1035.9 007.9       04 02 04 06 06                          8
20120036 6 31 04 01 1038.9 007.9       04 02 15 07 06                          8
20120037 1 29 09 02 1038.1 008.2       04 02 23 06 06                          8
20120038 7 24 10 03 1037.1 008.9             07 06 06                          8
20120039 3 26 11 02 1036.5 009.3       03 02 23 05 04                          8
20120040 4 22 15 03 1034.8 010.1             04 05 06                          8
20120041 7 22 20 02 1031.8 012.2             04 04 06                          8
20120042 7 21 27 02 1028.0 014.7       04 02 04 06 06                          8
20120043 7 21 35 62 1024.6 014.9       06 04 04 10 08                          8
20120044 7 26 35 61 1022.2 014.3       04 04 05 06 10                          8
20120045 4 27 22 01 1020.6 012.8       04 02 09 06 04                          8
20120046 8 26 15 03 1020.5 009.6             04 05 08                          8
20120047 6 24 15 01 1019.6 009.5             05 05 06                          8
20120048 2 25 30 02 1011.6 013.6             06 05 08                          8
20120049 6 27 30 02 1015.2 009.9       06 04 09 10 10                          8
20120050 7 28 30 02 1019.9 005.8       04 04 09 06 12                          8
20120051 8 31 30 02 1023.7 004.2             10 08 10                          8
20120052 8 29 30 02 1027.5 003.1             10 06 10                          8
20120053 8 30 25 02 1028.4 003.0             12 06 10                          8
20120054 7 33 30 02 1030.4 002.2       04 03 11 08 08                          8
20120055 7 31 25 02 1031.4 002.3       04 03 11 08 08                          8
20120056 7 32 16 02 1033.2 002.5       04 03 14 08 08                          8
20120057 8 31 15 02 1036.0 003.1       03 02 31 06 06                          8
20120058 7 33 20 02 1036.6 002.1       02 02 12 08 07                          8
20120059 7 32 10 02 1038.1 001.7       02 02 14 08 06                          8
20120060 8 31 15 02 1038.9 001.5             13 05 06                          8
20120061 8 32 05 02 1039.1 000.4             12 05 06                          8
20120062 8 00 00 02 1039.7 000.0             12 05 06                          8
20120063 8 00 00 02 1039.3 000.7             12 04 04                          8
20120064 7 18 10 01 1037.9 001.0             12 04 04                          8
20120065 7 17 20 02 1034.0 004.5       02 01 12 08 05                          8
20120066 4 14 20 01 1028.2 005.3       02 01 14 08 04                          8
20120067 3 15 28 02 1024.4 005.9       03 02 15 07 06                          8
20120068 3 15 28 02 1024.4 005.9       03 02 15 07 06                          8
20120069 9 16 30 40 1014.8 007.1       03 02 32 06 08                          8
20120070 9 16 35 45 1008.4 008.6       04 02 32 05 10                          8
20120071 8 29 20 02 1028.8 000.5       04 02 09 07 08                          8
20120072 9 31 15 02 1032.2 000.5       04 02 11 06 10                          8
20120073 7 31 10 02 1035.5 -00.6             13 06 08                          8
20120074 3 25 10 01 1035.0 000.4             11 05 06                          8
20120075 7 22 20 02 1033.4 001.0       03 01 12 08 06                          8
20120076 7 26 10 02 1032.9 001.2       03 01 12 08 06                          8
20120077 7 23 14 02 1032.3 001.7       02 02 23 07 04                          8
20120078 9 19 20 03 1028.2 004.0       03 02 00 07 04                          8
20120079 7 26 15 03 1029.6 005.3             00 04 04                          8
20120080 7 25 10 02 1030.1 005.3             35 04 02                          8
20120081 7 18 05 02 1030.3 004.9             35 04 02                          8
20120082 7 20 05 02 1029.9 004.9       03 01 12 06 02                          8
20120083 7 18 12 10 1026.7 004.4       02 01    02 01                          8
20120084 9 17 15 50 1023.7 009.0             35 04 02                          8
20120085 8 18 15 02 1021.4 007.1       04 02 35 04 04                          8
20120086 3 15 14 01 1019.9 006.6       03 01 18 05 03                          8
20120087 7 20 25 02 1019.2 006.8       03 01 00 04 04                          8
20120088 7 19 25 02 1018.9 006.7             01 04 04                          8
20120089 7 18 25 02 1018.2 004.8             01 05 04                          8
20120090 8 19 20 03 1017.0 005.1             00 05 04                          8
20120091 7 19 25 11 1016.0 004.3       04 02 04 06 04                          8
20120092 7 19 25 02 1013.2 005.4       03 02 04 08 04                          8
20120093 8 20 25 02 1012.4 005.2       03 04 18 06 05                          8
20120094 8 18 30 28 1010.4 005.4       04 04 18 06 05                          8
20120095 9 19 25 45 1007.9 004.9       03 02 01 05 06                          8
20120096 9 20 20 45 1007.9 004.3             02 05 06                          8
20120097 4 23 15 40 1008.5 000.4             03 04 04                          8
20120098 7 22 06 60 1007.9 004.6       01 01 04 06 04                          8
20120099 9 15 30 61 0999.4 008.7       03 02 33 05 06                          8
20120100 9 21 25 40 0993.4 005.7             01 05 10                          8
20120101 7 26 40 02 1000.1 002.8       03 03 09 06 08                          8
20120102 7 27 40 02 1006.4 002.7       04 04 09 06 10                          8
20120103 9 01 40 02 1012.5 002.6       03 05 07 07 06                          8
20120104 8 27 33 02 1022.0 002.1       05 06 27 08 12                          8
20120105 2 30 23 01 1028.4 002.0             30 06 08                          8
20120106 3 27 10 02 1034.2 002.0             09 05 06                          8
20120107 1 20 05 01 1037.3 002.4             07 05 04                          8
20120108 1 17 10 02 1039.0 002.6             10 06 04                          8
20120109 1 14 07 02 1039.2 003.2             09 06 04                          8
20120110 2 16 12 02 1039.8 003.8             09 06 02                          8
20120111 2 14 16 02 1039.7 004.1             09 08 04                          8
