Filename	Comment	Instr	Instr	PrimOSens	SecOSens
20120001	S27-01	1146		2549	2550
20120005	PB-04	1146		2549	2550
20120007	SWSPB-01	1146		2549	2550
20120012	S27-01	1146		2549	2550
20120015	SEGB-01	1146		2549	2550
20120016	SEGB-02	1146		2549	2550
20120017	SEGB-03	1146		2549	2550
20120018	SEGB-04	1146		2549	2550
20120019	SEGB-05	1146		2549	2550
20120020	SEGB-06	1146		2549	2550
20120021	SEGB-07	1146		2549	2550
20120022	SEGB-08	1146		2549	2550
20120023	SEGB-09	1146		2549	2550
20120024	SEGB-10	1146		2549	2550
20120025	SEGB-11	1146		2549	2550
20120026	SEGB-12	1146		2549	2550
20120027	SEGB-13	1146		2549	2550
20120028	SEGB-14	1146		2549	2550
20120029	SEGB-15	1146		2549	2550
20120030	SEGB-16	1146		2549	2550
20120031	SEGB-17	1146		2549	2550
20120032	SEGB-18	1146		2549	2550
20120033	SEGB-19	1146		2549	2550
20120034	SEGB-20	1146		2549	2550
20120035	SEGB-21	1146		2549	2550
20120047	FC-38	1146		2549	2550
20120048	FC-37	1146		2549	2550
20120049	FC-35	1146		2549	2550
20120050	FC-33	1146		2549	2550
20120051	FC-31	1146		2549	2550
20120052	FC-30	1146		2549	2550
20120053	FC-29	1146		2549	2550
20120054	FC-28	1146		2549	2550
20120055	FC-27	1146		2549	2550
20120056	FC-26	1146		2549	2550
20120057	FC-25	1146		2549	2550
20120058	FC-24	1146		2549	2550
20120059	FC-23	1146		2549	2550
20120060	FC-22	1146		2549	2550
20120061	FC-21	1146		2549	2550
20120062	FC-20	1146		2549	2550
20120063	FC-19	1146		2549	2550
20120064	FC-18	1146		2549	2550
20120065	FC-17	1146		2549	2550
20120066	FC-16	1146		2549	2550
20120067	FC-15	1146		2549	2550
20120068	FC-14	1146		2549	2550
20120069	FC-13	1146		2549	2550
20120070	FC-12	1146		2549	2550
20120071	FC-11	1146		2549	2550
20120072	FC-10	1146		2549	2550
20120073	FC-09	1146		2549	2550
20120074	FC-08	1146		2549	2550
20120075	FC-07	1146		2549	2550
20120076	FC-06	1146		2549	2550
20120077	FC-05	1146		2549	2550
20120078	S27-01	1146		2549	2550
20120079	FC-04	1146		2549	2550
20120080	FC-03	1146		2549	2550
20120081	FC-02	1146		2549	2550
20120082	FC-01	1146		2549	2550
20120083	S27-01	1146		2549	2550
20120086	BB-01	1146		2549	2550
20120087	BB-02	1146		2549	2550
20120088	BB-03	1146		2549	2550
20120089	BB-04	1146		2549	2550
20120090	BB-05	1146		2549	2550
20120091	BB-06	1146		2549	2550
20120092	BB-07	1146		2549	2550
20120093	BB-08	1146		2549	2550
20120094	BB-09	1146		2549	2550
20120095	BB-10	1146		2549	2550
20120096	BB-11	1146		2549	2550
20120097	BB-12	1146		2549	2550
20120098	BB-13	1146		2549	2550
20120099	BB-14	1146		2549	2550
20120100	BB-15	1146		2549	2550
20120108	S27-04	1146		2549	2550
20120109	S27-03	1146		2549	2550
20120110	S27-02	1146		2549	2550
20120111	S27-01	1146		2549	2550
