KKYY 060521 0055 746420 55156 8888183099
20000 30408 40000 20000 30377 40622 20003 30031 43209 20008 30029 40321
20015 30266 43209 20025 30252 43209 20037 30246 43209 20049 30239 40321
20060 30205 43211 20071 30094 43221 20081 30051 43233 20091 30047 43237
20100 30048 43243 20101 30047 43244 20105 30047 43244 20111 30044 43246
20119 30036 43249 20125 30028 43251 20130 30023 43253 20131 30022 43253
20132 30022 43253 .tel
KKYY 060521 0245 75760. 5460. 8888183099
20000 30276 40002 20000 30307 42536 20001 30322 40321 20008 30308 43209
20013 30281 40321 20022 30255 43212 20033 30253 43212 20042 30235 43214
20051 30142 43224 20062 30102 43228 20072 30057 43235 20080 30047 43239
20086 30006 43244 20090 30054 43247 20094 30045 43249 20102 30031 43256
20108 30022 43261 20116 30018 43266 20123 30017 43266 20129 30016 43267
20133 30016 43267 20135 30016 43267 20135 30016 43267 20136 30016 43267
.tel
KKYY 060521 0424 745546 54120 8888183099
20000 30314 40004 20000 30319 42516 20002 30321 43217 20004 30316 43217
20009 30299 43217 20016 30265 40322 20026 30251 43221 20034 30247 43221
20045 30244 43221 20053 30244 43231 20061 30245 43242 20064 30216 43245
20068 30116 43254 20073 30101 43256 20078 30085 43261 20083 30008 40326
20091 30079 43261 20094 30008 43261 20104 30008 43261 20108 30072 43263
20115 30059 43264 20119 30059 43264 20122 30059 43263 20123 30006 43263
.tel
KKYY 060521 0609 745474 54582 8888183099
20000 30241 40002 20000 30288 40214 20001 30322 43224 20002 30326 43229
20009 30328 40323 20015 30326 40323 20022 30318 43233 20030 30299 43239
20036 30248 43246 20039 30239 43248 20040 30231 43249 20042 30227 43249
20047 30219 40325 20050 30162 43244 20054 30103 40326 20058 30098 43259
20063 30096 43258 20065 30095 43258 20065 30094 43259 .tel
KKYY 060521 0830 745522 55162 8888183099
20000 30296 40001 20000 30313 41515 20001 30323 43208 20007 30321 43208
20013 30297 43208 20022 30256 43208 20035 30251 43208 20046 30228 40321
20062 30118 43222 20074 30087 43226 20085 30068 43229 20100 30065 40324
20110 30028 43244 20116 30023 43247 20121 30021 43249 20130 30002 43254
20135 30002 43257 20146 30018 43262 20150 30018 43262 20152 30018 43262
20152 30018 43262 20152 30017 43262 20152 30017 43263 20153 30017 43263
20153 30017 43263 20154 30018 43263 .tel
KKYY 060521 1020 745492 55276 8888183099
20000 30352 40002 20000 30331 43058 20003 30316 43211 20010 30268 43211
20022 30257 43214 20039 30249 43214 20054 30224 43214 20064 30117 40322
20066 30115 43221 20069 30123 43223 20070 30123 43224 20071 30123 43224
20071 30123 43223 20071 30113 43223 20072 30107 43223 20072 30103 43223
20072 30101 43223 20072 30101 43223 20073 30099 43223 20073 30099 43223
20073 30097 43223 20073 30097 43223 20074 30096 43223 20074 30096 43223
20074 30093 43224 20075 30089 43224 .tel
KKYY 060521 1323 745528 55582 8888183099
20000 30050 40002 20000 30448 41566 20001 30382 43209 20002 30374 43202
20010 30371 43202 20015 30036 43203 20019 30337 43202 20030 30322 43203
20036 30319 43203 20038 30029 43205 20040 30261 43208 20043 30242 40321
20047 30223 43213 20049 30218 43214 20050 30217 43214 20050 30215 43214
20050 30214 43214 20050 30214 43214 20050 30213 43214 20051 30212 43214
.tel
KKYY 060521 1514 745564 55558 8888183099
20000 30413 40003 20000 30396 42496 20001 30368 43205 20004 30365 43203
20012 30362 43203 20018 30032 43205 20028 30303 43203 20035 30302 43203
20039 30302 43203 20041 30291 43205 20044 30258 43211 20049 30206 43216
20053 30204 43214 20053 30203 43214 20054 30202 43214 20054 30201 43214
20054 30201 43214 20054 30199 43214 20055 30199 43214 20055 30196 43214
.tel
KKYY 060521 1654 745564 55576 8888183099
20000 30433 40007 20000 30434 40007 20001 30381 43202 20002 30036 43203
20004 30352 43203 20009 30035 43203 20014 30345 43204 20019 30298 43209
20026 30272 43209 20034 30267 43207 20039 30265 43206 20041 30265 43206
20043 30265 43206 20046 30264 43206 20049 30251 43209 20053 30176 43219
20057 30156 43221 20060 30142 43223 20061 30141 43221 20061 30146 43219
.tel
KKYY 060521 1829 746120 55522 8888183099
20000 30352 40007 20000 30355 42932 20002 30349 43208 20004 30347 43206
20008 30347 43206 20010 30346 43206 20016 30337 43206 20023 30272 43208
20031 30271 43208 20037 30027 43207 20044 30027 43207 20049 30266 43208
20052 30257 43208 20056 30136 43225 20062 30013 43224 20067 30126 43224
20070 30124 43224 20070 30123 43224 20070 30123 43224 20071 30122 43224
.tel
KKYY 060521 0055 746420 55156 8888183099
20000 30408 40000 20000 30377 40622 20003 30031 43209 20008 30029 40321
20015 30266 43209 20025 30252 43209 20037 30246 43209 20049 30239 40321
20060 30205 43211 20071 30094 43221 20081 30051 43233 20091 30047 43237
20100 30048 43243 20101 30047 43244 20105 30047 43244 20111 30044 43246
20119 30036 43249 20125 30028 43251 20130 30023 43253 20131 30022 43253
20132 30022 43253 .tel
KKYY 060521 0245 75760. 5460. 8888183099
20000 30276 40002 20000 30307 42536 20001 30322 40321 20008 30308 43209
20013 30281 40321 20022 30255 43212 20033 30253 43212 20042 30235 43214
20051 30142 43224 20062 30102 43228 20072 30057 43235 20080 30047 43239
20086 30006 43244 20090 30054 43247 20094 30045 43249 20102 30031 43256
20108 30022 43261 20116 30018 43266 20123 30017 43266 20129 30016 43267
20133 30016 43267 20135 30016 43267 20135 30016 43267 20136 30016 43267
.tel
KKYY 060521 0424 745546 54120 8888183099
20000 30314 40004 20000 30319 42516 20002 30321 43217 20004 30316 43217
20009 30299 43217 20016 30265 40322 20026 30251 43221 20034 30247 43221
20045 30244 43221 20053 30244 43231 20061 30245 43242 20064 30216 43245
20068 30116 43254 20073 30101 43256 20078 30085 43261 20083 30008 40326
20091 30079 43261 20094 30008 43261 20104 30008 43261 20108 30072 43263
20115 30059 43264 20119 30059 43264 20122 30059 43263 20123 30006 43263
.tel
